,f_kHz,A_ch1,A_ch2
0,1.25,0.10533978488070202,0.09009512367415694
1,1.251,0.0970284874793814,0.08500167665502648
2,1.2519999999999998,0.09485403397996243,0.08424692133035756
3,1.2529999999999997,0.0984922503222083,0.08476959560930823
4,1.2539999999999996,0.09565867768733054,0.08382394989818474
5,1.2549999999999994,0.09662501184099946,0.08706548806321734
6,1.2559999999999993,0.09077938289627288,0.08535854319562758
7,1.2569999999999992,0.09133712919218683,0.08565723169459213
8,1.2579999999999991,0.09140822367918616,0.08376186380788865
9,1.258999999999999,0.10145204211302869,0.08348326309073971
10,1.259999999999999,0.09641034809488282,0.08668312588311285
11,1.2609999999999988,0.10113601600922736,0.08690681724750711
12,1.2619999999999987,0.09431170346983737,0.08756320283011824
13,1.2629999999999986,0.09715103007420386,0.0866613589440531
14,1.2639999999999985,0.10429081741606694,0.08770786408519377
15,1.2649999999999983,0.10252408080816011,0.08846852246068163
16,1.2659999999999982,0.10276193851575974,0.0874791855437419
17,1.2669999999999981,0.0994541057358728,0.08667880581971485
18,1.267999999999998,0.09517706435666483,0.0853792916026948
19,1.268999999999998,0.10225351135331062,0.0885694217101366
20,1.2699999999999978,0.11231733222598049,0.09048317319331142
21,1.2709999999999977,0.09410733106662346,0.08615461463396168
22,1.2719999999999976,0.09752650034471398,0.08658200385230931
23,1.2729999999999975,0.10941270996857946,0.09031078027393027
24,1.2739999999999974,0.11130870061681265,0.09084731840174633
25,1.2749999999999972,0.10909239976050679,0.08967072244069427
26,1.2759999999999971,0.10268558578670793,0.08829083113390729
27,1.276999999999997,0.10914463162878348,0.09005474477466244
28,1.277999999999997,0.10546333124951603,0.08929117240552291
29,1.2789999999999968,0.11104361311313475,0.09069714993923038
30,1.2799999999999967,0.10835182745694938,0.08952738029501339
31,1.2809999999999966,0.10860066938137784,0.08918283758369232
32,1.2819999999999965,0.10943578166936407,0.09081155459549627
33,1.2829999999999964,0.11332584510792257,0.0915365056809787
34,1.2839999999999963,0.11696072799897302,0.09344480408837726
35,1.2849999999999961,0.11745226404611649,0.09327121693512545
36,1.285999999999996,0.11356287594550235,0.09190854584525733
37,1.286999999999996,0.11583935307291915,0.0925920733428213
38,1.2879999999999958,0.11754380977006106,0.09417015037557794
39,1.2889999999999957,0.11930540249095445,0.09339742476681683
40,1.2899999999999956,0.11855943322712428,0.09178164596420156
41,1.2909999999999955,0.11802847296848124,0.09166750496508956
42,1.2919999999999954,0.124031087553546,0.09431522889997891
43,1.2929999999999953,0.11405298521715222,0.08973851027829598
44,1.2939999999999952,0.12101900268850768,0.09114107018471324
45,1.294999999999995,0.12564725514927372,0.09368554588566824
46,1.295999999999995,0.13053217411613757,0.09695205587483813
47,1.2969999999999948,0.12293877377861208,0.09167139205059947
48,1.2979999999999947,0.13247033780989925,0.0947611515642346
49,1.2989999999999946,0.13656204683771953,0.09636524053660296
50,1.2999999999999945,0.13539997112185118,0.09508493829218834
51,1.3009999999999944,0.13537104785815116,0.09463778928863202
52,1.3019999999999943,0.13763950058666047,0.09409003598832671
53,1.3029999999999942,0.14034630637655113,0.09522884087412507
54,1.303999999999994,0.14285504105011715,0.09828218079637185
55,1.304999999999994,0.14200148249633723,0.09658926071926718
56,1.3059999999999938,0.14431775097223162,0.09783608265493637
57,1.3069999999999937,0.15222071910601073,0.09723269583621043
58,1.3079999999999936,0.15484110099057813,0.09721237138029137
59,1.3089999999999935,0.17937309466143586,0.10137700393147604
60,1.3099999999999934,0.16100734966965125,0.09845026260147359
61,1.3109999999999933,0.1565326138536094,0.0965743422073728
62,1.3119999999999932,0.16443057792579108,0.09849233032390928
63,1.312999999999993,0.19382179190985732,0.10237897950253975
64,1.313999999999993,0.16761386888228025,0.09704502956087649
65,1.3149999999999928,0.2371804132861178,0.10526094762728397
66,1.3159999999999927,0.18092691863591395,0.09917765965004506
67,1.3169999999999926,0.19733097786729278,0.10388383528129509
68,1.3179999999999925,0.20215708111712605,0.10179384132868399
69,1.3189999999999924,0.19690272662124952,0.09763357199532252
70,1.3199999999999923,0.21523058942514248,0.10340762542624556
71,1.3209999999999922,0.2285589037325551,0.10361562066067596
72,1.321999999999992,0.2305728080804974,0.10462204133416676
73,1.322999999999992,0.24035283251093692,0.10082662784287716
74,1.3239999999999919,0.23454615092721598,0.10319708905504262
75,1.3249999999999917,0.2641882241366359,0.10665973958945066
76,1.3259999999999916,0.2582003231715037,0.10190804555823525
77,1.3269999999999915,0.27695505177778745,0.1063721661082378
78,1.3279999999999914,0.27931969665758116,0.1024939729374144
79,1.3289999999999913,0.31690873330599395,0.10290326400200611
80,1.3299999999999912,0.33618426811195923,0.10635846144032904
81,1.330999999999991,0.33592470393847695,0.10332865402060104
82,1.331999999999991,0.36782201266508247,0.1053929237407857
83,1.3329999999999909,0.37462646544692224,0.10586323864021502
84,1.3339999999999907,0.4135937166711887,0.10613143796659348
85,1.3349999999999906,0.4148868096236788,0.10611654221985843
86,1.3359999999999905,0.47224145333929596,0.10708060104700245
87,1.3369999999999904,0.7095584698134613,0.1105631753469712
88,1.3379999999999903,0.5383646006899356,0.10850866053010602
89,1.3389999999999902,0.6049762116627759,0.14750359370379576
90,1.33999999999999,0.626958142405849,0.10787093616768308
91,1.34099999999999,0.6285527816308777,0.1069115802334231
92,1.3419999999999899,0.7269737370624879,0.10861073451906372
93,1.3429999999999898,0.8388695354279629,0.1087685740556076
94,1.3439999999999896,0.8378171841798902,0.1088143094587312
95,1.3449999999999895,0.9192280751433055,0.10972752956154408
96,1.3459999999999894,0.8758627776086947,0.10961945076232417
97,1.3469999999999893,0.9268616834632031,0.10980084861933354
98,1.3479999999999892,0.8564031687205378,0.11088331957396254
99,1.348999999999989,0.864607706112157,0.11233387316481844
100,1.349999999999989,0.7732324404585663,0.1118167948476272
101,1.3509999999999889,0.7581821610388312,0.113003472292707
102,1.3519999999999888,0.6936865169862795,0.11266764060649558
103,1.3529999999999887,0.5648795175970739,0.11236241785374483
104,1.3539999999999885,0.5659266099526977,0.11378409798255425
105,1.3549999999999884,0.49560497594826924,0.11496159303785268
106,1.3559999999999883,0.49081972122323464,0.11275299950344851
107,1.3569999999999882,0.44034248499934,0.11250642622684597
108,1.357999999999988,0.574971667745357,0.12957536453203644
109,1.358999999999988,0.38935505308822804,0.11640937997370943
110,1.3599999999999879,0.5185341973895746,0.17888537470026028
111,1.3609999999999878,0.34856838404323826,0.11449854866130445
112,1.3619999999999877,0.4459281017656171,0.18418979851327627
113,1.3629999999999876,0.3209009579315016,0.11655402445662037
114,1.3639999999999874,0.29506155631297154,0.11955089003365114
115,1.3649999999999873,0.26928099891606533,0.11699104932807684
116,1.3659999999999872,0.2684849620037582,0.11681139967326279
117,1.3669999999999871,0.25729962082133917,0.11891804367580326
118,1.367999999999987,0.2538749475276459,0.11769136155943351
119,1.368999999999987,0.26010566734269425,0.11988900199280614
120,1.3699999999999868,0.23553660289904546,0.11978580808621829
121,1.3709999999999867,0.19701300471987632,0.12171902670538817
122,1.3719999999999866,0.21073902211073747,0.11987976098095794
123,1.3729999999999865,0.20943461235723532,0.11912223429697665
124,1.3739999999999863,0.1959996917533202,0.12118088861971017
125,1.3749999999999862,0.19638328400862087,0.11982765211902922
126,1.3759999999999861,0.1932425163048119,0.1220411846331554
127,1.376999999999986,0.18946151822249335,0.12309697777288871
128,1.377999999999986,0.17829192750524128,0.12161389098420536
129,1.3789999999999858,0.18131239384804732,0.12279201598784951
130,1.3799999999999857,0.17327074974513723,0.12302883381373861
131,1.3809999999999856,0.16726003640162967,0.12495102395824396
132,1.3819999999999855,0.1713087036382555,0.12578216868005546
133,1.3829999999999854,0.16164690198349674,0.12562170417653754
134,1.3839999999999852,0.15963011862543863,0.1251500615896212
135,1.3849999999999851,0.16014899847207273,0.12785026633920146
136,1.385999999999985,0.1579617969278612,0.13137346180817294
137,1.386999999999985,0.14590800345678262,0.12547613275132669
138,1.3879999999999848,0.14631917350513382,0.1290586920573781
139,1.3889999999999847,0.13810535929832055,0.12712866044009727
140,1.3899999999999846,0.1453214532218747,0.13064826671578336
141,1.3909999999999845,0.14610867984035683,0.12883679049881286
142,1.3919999999999844,0.16834932063046307,0.1411905410876934
143,1.3929999999999843,0.13693677139753127,0.1294750471815327
144,1.3939999999999841,0.137732525648383,0.13156840701294675
145,1.394999999999984,0.1358045361611356,0.13256807942118976
146,1.395999999999984,0.1382138821509255,0.13481605531790183
147,1.3969999999999838,0.13514032072908003,0.13293496085497053
148,1.3979999999999837,0.12916301649864678,0.13392509098336186
149,1.3989999999999836,0.1254675802646996,0.13585452680936203
150,1.3999999999999835,0.13451488381399893,0.13707123436348587
151,1.4009999999999834,0.11913664779623558,0.1354488757792938
152,1.4019999999999833,0.11711207983703949,0.13536086661088023
153,1.4029999999999831,0.12250343951635913,0.1378185554236392
154,1.403999999999983,0.12039401420868814,0.13869086197202818
155,1.404999999999983,0.11463565899472944,0.13785991688151714
156,1.4059999999999828,0.11159228947113602,0.1382424860825316
157,1.4069999999999827,0.12364792527095601,0.14209199427686242
158,1.4079999999999826,0.11528122703821399,0.14049517892480046
159,1.4089999999999825,0.11321101668069854,0.1439951473858134
160,1.4099999999999824,0.11386052120881276,0.14225366394523872
161,1.4109999999999823,0.10952129038968646,0.14317162909338788
162,1.4119999999999822,0.11322776617094325,0.1435382997650497
163,1.412999999999982,0.1167577919944594,0.14610149736864786
164,1.413999999999982,0.1147947368466184,0.1462310032233822
165,1.4149999999999818,0.10077168148559056,0.14463979377598266
166,1.4159999999999817,0.1336296533251163,0.16626147565571625
167,1.4169999999999816,0.10245918250012102,0.14752253171180102
168,1.4179999999999815,0.11252473104183915,0.15485139903120249
169,1.4189999999999814,0.11774992344814636,0.15005904546034898
170,1.4199999999999813,0.1033424689575374,0.15108549746625557
171,1.4209999999999812,0.09990492736946566,0.1510021141114334
172,1.421999999999981,0.10520055560410194,0.15270525752212705
173,1.422999999999981,0.09690934546057736,0.15452390468512434
174,1.4239999999999808,0.09580951599430605,0.15341298016068147
175,1.4249999999999807,0.10049059373152723,0.1565830394757049
176,1.4259999999999806,0.0967903110610856,0.15506897112197646
177,1.4269999999999805,0.1036940241064887,0.15808140229682804
178,1.4279999999999804,0.09722262956302928,0.157573510194571
179,1.4289999999999803,0.09430417661338664,0.1571991882766603
180,1.4299999999999802,0.1009536345913109,0.15684399129066526
181,1.43099999999998,0.10713998715514257,0.16054977490562378
182,1.43199999999998,0.10038996197923332,0.16260595261716937
183,1.4329999999999798,0.08634925688159457,0.15996381241453964
184,1.4339999999999797,0.10250468513257566,0.1626033628161424
185,1.4349999999999796,0.09819369002288346,0.16684159836879628
186,1.4359999999999795,0.09172001756532842,0.16376367050874713
187,1.4369999999999794,0.12167567126078617,0.21314559043239228
188,1.4379999999999793,0.2254403479944472,0.17187836884965924
189,1.4389999999999792,0.09510933192413823,0.1700421286941631
190,1.439999999999979,0.09744720200304438,0.1698414116459681
191,1.440999999999979,0.08376805319973674,0.16938206889442178
192,1.4419999999999789,0.09775914672843662,0.17098164169995878
193,1.4429999999999787,0.09228146936084516,0.17203333176460664
194,1.4439999999999786,0.09568007038178043,0.17441285680472282
195,1.4449999999999785,0.09420500774911711,0.1741139722713873
196,1.4459999999999784,0.09079055485047467,0.17768948661121878
197,1.4469999999999783,0.08522471335064588,0.17424205193231015
198,1.4479999999999782,0.11708063025944802,0.19853091063736272
199,1.448999999999978,0.08517168264565475,0.17756878277139776
200,1.449999999999978,0.09546265764243107,0.17954868145414812
201,1.4509999999999779,0.08984018915218861,0.18262707613488371
202,1.4519999999999778,0.0882126280772372,0.18278701906186942
203,1.4529999999999776,0.0835135577730962,0.1838634333034025
204,1.4539999999999775,0.09328546130851895,0.18451429434142833
205,1.4549999999999774,0.09565976097671744,0.18728739748552806
206,1.4559999999999773,0.08776574224950301,0.18644460772833438
207,1.4569999999999772,0.09341846080757377,0.19035157565030228
208,1.457999999999977,0.08808735624101847,0.18873535518953366
209,1.458999999999977,0.1176755351539189,0.20530157658010184
210,1.4599999999999769,0.09784019138787872,0.19702649129815225
211,1.4609999999999768,0.08587631252172567,0.19402258697333147
212,1.4619999999999767,0.08757774766297348,0.19534442135101757
213,1.4629999999999765,0.0835924376819477,0.19762385179428243
214,1.4639999999999764,0.08412203398490666,0.1981983491598673
215,1.4649999999999763,0.08822789833344404,0.19821698687994413
216,1.4659999999999762,0.06856784945344349,0.20021677578764172
217,1.466999999999976,0.20353796670633542,0.2340569570685151
218,1.467999999999976,0.06961236334812333,0.201443442055016
219,1.4689999999999759,0.10026853573208146,0.2090682421510537
220,1.4699999999999758,0.09262473152644382,0.2118636888376707
221,1.4709999999999757,0.07800778179323464,0.20723171026597745
222,1.4719999999999756,0.09757101096123333,0.22152828323753407
223,1.4729999999999754,0.08250595417705239,0.2119840581217159
224,1.4739999999999753,0.09613364751886055,0.21915114780602654
225,1.4749999999999752,0.07185278797088464,0.2141682202997639
226,1.475999999999975,0.08220678455935655,0.2173609524777543
227,1.476999999999975,0.08968051000053934,0.2193309623114611
228,1.477999999999975,0.07906035621699598,0.22048824602262646
229,1.4789999999999748,0.07840734170375722,0.2251264215456548
230,1.4799999999999747,0.08603612647706249,0.225661423702144
231,1.4809999999999746,0.0801011538276751,0.2254913349981703
232,1.4819999999999744,0.07930194746774398,0.2263761338873348
233,1.4829999999999743,0.09968151272616867,0.2526540919569498
234,1.4839999999999742,0.0799869197886706,0.23088582935765287
235,1.4849999999999741,0.09423250403053178,0.2280697251930502
236,1.485999999999974,0.07836826085422645,0.2356466293562768
237,1.486999999999974,0.08715489721040193,0.23793780727315494
238,1.4879999999999738,0.08926751907236545,0.24496792992437438
239,1.4889999999999737,0.1144651347726647,0.24314779618355026
240,1.4899999999999736,0.07526953504054221,0.24638541451649185
241,1.4909999999999735,0.08198841758495973,0.24511472510201876
242,1.4919999999999733,0.07649424943251293,0.25032289972566235
243,1.4929999999999732,0.08608188358809095,0.2522654585150659
244,1.4939999999999731,0.08212097439553448,0.2530531785918292
245,1.494999999999973,0.08754999598731761,0.25962039152702326
246,1.495999999999973,0.07905000078816418,0.25750152067049215
247,1.4969999999999728,0.07887163190543514,0.2620440348013626
248,1.4979999999999727,0.0867807501249103,0.26446525103510155
249,1.4989999999999726,0.07646220410932827,0.26674806722130345
250,1.4999999999999725,0.08268278071853685,0.26755029496507515
251,1.5009999999999724,0.0817452584056795,0.2722342761912039
252,1.5019999999999722,0.09054196414721741,0.27756324749584393
253,1.5029999999999721,0.08038126691590189,0.27696401435970286
254,1.503999999999972,0.07902233596502214,0.28209982138131484
255,1.504999999999972,0.07558182033620812,0.28072819769227536
256,1.5059999999999718,0.0930436062631348,0.28767247378317257
257,1.5069999999999717,0.08061255302482684,0.29217094139500455
258,1.5079999999999716,0.07444906925782625,0.2917901609027552
259,1.5089999999999715,0.07112575264241972,0.29170464388557515
260,1.5099999999999714,0.07954521505206005,0.29724973901985113
261,1.5109999999999713,0.08658820859806309,0.3028760552518976
262,1.5119999999999711,0.08020524496899781,0.3026046035798444
263,1.512999999999971,0.0772850813764183,0.30930003371206444
264,1.513999999999971,0.07943406264823888,0.3083414559945115
265,1.5149999999999708,0.09088181946234708,0.31589593679559574
266,1.5159999999999707,0.08117326188933617,0.31470420653525283
267,1.5169999999999706,0.08175021804307188,0.3206089945359517
268,1.5179999999999705,0.11786647328890963,0.3859348971335083
269,1.5189999999999704,0.07747987723872406,0.32609738875626076
270,1.5199999999999703,0.08559953306949536,0.32889352367066066
271,1.5209999999999702,0.0754663752697127,0.3408146767570621
272,1.52199999999997,0.08160653602087112,0.3401454373113784
273,1.52299999999997,0.08106729790726047,0.34242819357530074
274,1.5239999999999698,0.07324691165971528,0.349383295373255
275,1.5249999999999697,0.08330110460783695,0.35647445834821256
276,1.5259999999999696,0.07637465463312235,0.35628769397214943
277,1.5269999999999695,0.07598658508776235,0.36476623133410996
278,1.5279999999999694,0.07961519018596255,0.3649787350320059
279,1.5289999999999693,0.07584009658889725,0.37380723564642704
280,1.5299999999999692,0.08014385061822427,0.3736421747693048
281,1.530999999999969,0.08089273674555177,0.38075761409107467
282,1.531999999999969,0.07238119870084381,0.3817750067776551
283,1.5329999999999688,0.07552882773154604,0.3820197933520093
284,1.5339999999999687,0.08485382521271476,0.40007892566039854
285,1.5349999999999686,0.08319076643682569,0.4029523076405657
286,1.5359999999999685,0.08022358952615778,0.410732288757033
287,1.5369999999999684,0.07587506793016228,0.4100342306848685
288,1.5379999999999683,0.07736510461507809,0.4229444905232548
289,1.5389999999999682,0.083003021908541,0.4226702856563548
290,1.539999999999968,0.08572099093233393,0.43409045216946335
291,1.540999999999968,0.07342045597448633,0.4452966424328413
292,1.5419999999999678,0.07334093268942739,0.44620030514984804
293,1.5429999999999677,0.07492732547714281,0.4582103360056804
294,1.5439999999999676,0.06982340939463451,0.45591903905759956
295,1.5449999999999675,0.07210464272037369,0.46990161135865954
296,1.5459999999999674,0.07427487636537412,0.48361100748005614
297,1.5469999999999673,0.08102593503231376,0.484859766633945
298,1.5479999999999672,0.07062395754275423,0.4820124513327173
299,1.548999999999967,0.07655476356924665,0.4958626906165478
300,1.549999999999967,0.0817276357902089,0.5129531726502368
301,1.5509999999999668,0.0755074212779729,0.5128045170487313
302,1.5519999999999667,0.06885537602653144,0.5279369401631149
303,1.5529999999999666,0.07522271129957592,0.5282379498029429
304,1.5539999999999665,0.07436021219052392,0.5465209111231175
305,1.5549999999999664,0.08571423603448625,0.5453855297311118
306,1.5559999999999663,0.07553939150141653,0.5643534932250023
307,1.5569999999999662,0.08005974482243261,0.5845356359024096
308,1.557999999999966,0.06308293267602388,0.5827501646505817
309,1.558999999999966,0.0732561954174188,0.6010924118920649
310,1.5599999999999659,0.07988217120210452,0.6021893007056026
311,1.5609999999999657,0.07622221648223171,0.6216922733586803
312,1.5619999999999656,0.06895303702264106,0.6244346583385412
313,1.5629999999999655,0.07561679121379285,0.6470680798323805
314,1.5639999999999654,0.1233589220039831,0.9909715000627931
315,1.5649999999999653,0.07244230558498235,0.6695119973813816
316,1.5659999999999652,0.07890197633224802,0.7023441831769435
317,1.566999999999965,0.0875807501155421,0.701400938726759
318,1.567999999999965,0.07025514211221057,0.6956224864470703
319,1.5689999999999649,0.07750119015438751,0.7271212364639753
320,1.5699999999999648,0.0757121122315649,0.761766276917024
321,1.5709999999999646,0.06892763404462013,0.7559513112503154
322,1.5719999999999645,0.0835618278485635,0.791886593447251
323,1.5729999999999644,0.0731541863521924,0.8257969060816284
324,1.5739999999999643,0.09044394061956464,0.8286490842723524
325,1.5749999999999642,0.08098696621195514,0.8812494847289551
326,1.575999999999964,0.07579617173579248,0.8647236914016323
327,1.576999999999964,0.08010382203316037,0.9861159652759393
328,1.5779999999999639,0.07817703735952718,0.9063056679826295
329,1.5789999999999638,0.08477784553014507,0.9548309115080933
330,1.5799999999999637,0.07420726669648965,1.0032823063281666
331,1.5809999999999635,0.07261804036370506,1.00321160092064
332,1.5819999999999634,0.0917261183613936,1.055001832202503
333,1.5829999999999633,0.05981611840078104,1.0620035656984548
334,1.5839999999999632,0.08832544813411307,1.112615118296376
335,1.584999999999963,0.07861047961805588,1.1782954600492823
336,1.585999999999963,0.07542096184944867,1.182763204010418
337,1.5869999999999629,0.07412306545565146,1.251900040932467
338,1.5879999999999628,0.0772575893492682,1.2613962991525443
339,1.5889999999999627,0.3674599130850132,1.3812029133371115
340,1.5899999999999626,0.11160928188817529,1.3305205069969857
341,1.5909999999999624,0.06730162753624334,1.4255784343409865
342,1.5919999999999623,0.08974727355685494,1.6970694729888272
343,1.5929999999999622,0.07345453370014315,1.515862187996111
344,1.5939999999999621,0.06553278627912577,1.511208133400759
345,1.594999999999962,0.07378663382368525,1.6186220102012916
346,1.595999999999962,0.07501587341002237,1.7300335022406987
347,1.5969999999999618,0.06671629276205972,1.731747114523899
348,1.5979999999999617,0.07029209967974369,1.8577892294617528
349,1.5989999999999616,0.07713570196998318,1.8537479328746824
350,1.5999999999999615,0.07851946913107934,1.9870273135590786
351,1.6009999999999613,0.06134281972642114,1.985700403548221
352,1.6019999999999612,0.07230055026270611,2.1181210966480264
353,1.6029999999999611,0.06619164123432243,2.125259264244918
354,1.603999999999961,0.1164870017140256,2.2370035009402867
355,1.604999999999961,0.13707995837708753,2.3593094059867115
356,1.6059999999999608,0.05715824396679506,2.3670716674451655
357,1.6069999999999607,0.06654848680436955,2.445344872510647
358,1.6079999999999606,0.06430519401887948,2.445172028141224
359,1.6089999999999605,0.06925379802880025,2.5197297684485824
360,1.6099999999999604,0.06086797701940356,2.534718484244176
361,1.6109999999999602,0.06502591883127146,2.5484844699004974
362,1.6119999999999601,0.07147719294730503,2.477695630767796
363,1.61299999999996,0.07245612619263227,2.4928924301048485
364,1.61399999999996,0.08005652502209401,2.3745276182113106
365,1.6149999999999598,0.057655735574972077,2.428551680111701
366,1.6159999999999597,0.09311541494323046,1.872667002777887
367,1.6169999999999596,0.07245231819001227,2.353049426014665
368,1.6179999999999595,0.07055101334446176,2.2131585053971836
369,1.6189999999999594,0.07317967982346917,2.2284834944742213
370,1.6199999999999593,0.06961636390948502,2.1044682473084313
371,1.6209999999999591,0.06924369705672526,1.9606620326934392
372,1.621999999999959,0.07554931941246204,1.9702219518660444
373,1.622999999999959,0.06805539835691943,1.84674453058749
374,1.6239999999999588,0.07225108533242217,1.839006250109034
375,1.6249999999999587,0.0800809696124653,1.7913538165796679
376,1.6259999999999586,0.06541406190018441,1.7117871242677507
377,1.6269999999999585,0.07892193686354408,1.6865362685046505
378,1.6279999999999584,0.07531055073225922,1.503220935760377
379,1.6289999999999583,0.07194971104308527,1.505805152233376
380,1.6299999999999581,0.07128118499544371,1.4121403277730293
381,1.630999999999958,0.06994618693878794,1.3319406731451402
382,1.631999999999958,0.07877968993570103,1.3354915169751869
383,1.6329999999999578,0.0647883341964326,1.2596337851372421
384,1.6339999999999577,0.06966174953027306,1.262038688848565
385,1.6349999999999576,0.07597661201991866,1.2007837503493093
386,1.6359999999999575,0.08016283941947402,1.1908034248996597
387,1.6369999999999574,0.07308289911583324,1.1342704837157835
388,1.6379999999999573,0.06277829678077917,1.1323515485137363
389,1.6389999999999572,0.07599093191285065,1.0901379957704211
390,1.639999999999957,0.08446563727750038,1.036093552389093
391,1.640999999999957,0.07422421415342209,1.0408611507828016
392,1.6419999999999568,0.07012330054553918,0.9859609654703788
393,1.6429999999999567,0.06886252435553827,0.9860335688553361
394,1.6439999999999566,0.07836338470877374,0.9448113264317243
395,1.6449999999999565,0.07806255963141585,0.9463124397157329
396,1.6459999999999564,0.06686949960020794,0.9107390573956902
397,1.6469999999999563,0.0697603055973857,0.8710493209891801
398,1.6479999999999562,0.0649909294545184,0.8722877768817882
399,1.648999999999956,0.07010713549384134,0.8722603967515085
400,1.649999999999956,0.08293682670889563,0.8403386856108184
401,1.6509999999999558,0.06266545420568828,0.8078337323706024
402,1.6519999999999557,0.06715934041406703,0.809698879531833
403,1.6529999999999556,0.06297721819875705,0.7804054459397889
404,1.6539999999999555,0.0734403365694707,0.7804765183249629
405,1.6549999999999554,0.07501647776827725,0.7538149029635035
406,1.6559999999999553,0.08071757340920131,0.7531456897580863
407,1.6569999999999552,0.12092885594222487,0.9807351664780825
408,1.657999999999955,0.06317682549795789,0.7267553341835934
409,1.658999999999955,0.06857298768222152,0.7308685322400529
410,1.6599999999999548,0.07379128578205323,0.6853601250509711
411,1.6609999999999547,0.05276341810343375,0.6814042301841691
412,1.6619999999999546,0.08115730269253811,0.6663616058438828
413,1.6629999999999545,0.05140615453724034,0.6587666023823787
414,1.6639999999999544,0.07879593342176089,0.6485798308467269
415,1.6649999999999543,0.06325108577332927,0.6279702717967096
416,1.6659999999999542,0.0791426925933326,0.6183202210200579
417,1.666999999999954,0.06603050610759947,0.6042052767281488
418,1.667999999999954,0.06499242426059489,0.6086863014889967
419,1.6689999999999539,0.06203305002353664,0.5881202119988377
420,1.6699999999999537,0.0735518644648524,0.5919356225459559
421,1.6709999999999536,0.06671285612333192,0.5734733335425565
422,1.6719999999999535,0.059870232036484554,0.5786414494968927
423,1.6729999999999534,0.07347336491396711,0.5658427261438254
424,1.6739999999999533,0.06540148638781335,0.5472358133507649
425,1.6749999999999532,0.08674432182339913,0.5526455652198136
426,1.675999999999953,0.06660358744421496,0.538348067111793
427,1.676999999999953,0.07121480755350341,0.535532443724926
428,1.6779999999999529,0.06852234421211147,0.5261761866340705
429,1.6789999999999528,0.07106644829304073,0.5129403983634964
430,1.6799999999999526,0.0605662303155996,0.5110560522334034
431,1.6809999999999525,0.059214192365521855,0.512469116276842
432,1.6819999999999524,0.06776073085504947,0.4989829101728232
433,1.6829999999999523,0.06425076334557243,0.5004783585103011
434,1.6839999999999522,0.07061884014444549,0.4908025556084429
435,1.684999999999952,0.0745759036707456,0.47989567091515795
436,1.685999999999952,0.07418980903828663,0.46917594959034087
437,1.6869999999999519,0.07274181711815927,0.4686387269686855
438,1.6879999999999518,0.06155191583008313,0.46261782333471
439,1.6889999999999517,0.07235255946190597,0.46361343759774426
440,1.6899999999999515,0.066977116066262,0.4521477129009601
441,1.6909999999999514,0.05116570716257482,0.44376763762286053
442,1.6919999999999513,0.07026850806471643,0.4454047554279794
443,1.6929999999999512,0.07311268735149182,0.44171300703692923
444,1.693999999999951,0.06200564766360446,0.4360188912274498
445,1.694999999999951,0.07274195957612867,0.42775797711897523
446,1.6959999999999509,0.06682586174709398,0.42490478710414015
447,1.6969999999999508,0.07137314946164601,0.4199912820047728
448,1.6979999999999507,0.06116171247827896,0.41244320974726273
449,1.6989999999999505,0.07059513753521358,0.41129396698915904
450,1.6999999999999504,0.060753782343844195,0.40572966994811177
451,1.7009999999999503,0.06534622449584082,0.4048104073693546
452,1.7019999999999502,0.07564458846115532,0.3987972277444914
453,1.70299999999995,0.0651965112247835,0.39807779532546456
454,1.70399999999995,0.06344005194442476,0.3911479267894914
455,1.7049999999999499,0.05770334527040234,0.3922734649144802
456,1.7059999999999498,0.07087910053312196,0.3864148567355559
457,1.7069999999999497,0.12377943359689737,0.5064993901497504
458,1.7079999999999496,0.059265948761203044,0.3786897549252264
459,1.7089999999999494,0.07446168239967993,0.37632754606623425
460,1.7099999999999493,0.0766602737890009,0.37371764487206866
461,1.7109999999999492,0.058924883780362494,0.3695091701933999
462,1.7119999999999491,0.0766029375433992,0.36950323691613
463,1.712999999999949,0.05971796125806409,0.36448398606496574
464,1.713999999999949,0.08913006963462622,0.357929615746153
465,1.7149999999999488,0.06501633648384823,0.35537576467160764
466,1.7159999999999487,0.08463354874852336,0.36021535322934234
467,1.7169999999999486,0.06404416829431266,0.3520280141953724
468,1.7179999999999485,0.11952749866928612,0.4574500407641855
469,1.7189999999999483,0.06161400803950885,0.3438658765622483
470,1.7199999999999482,0.06688970055862126,0.3418103778084858
471,1.7209999999999481,0.0669980579361106,0.34284237371209314
472,1.721999999999948,0.06892231552025349,0.33957358775336544
473,1.722999999999948,0.07055835705358389,0.3327832838023376
474,1.7239999999999478,0.06679668290248293,0.3331812122371547
475,1.7249999999999477,0.0599853097585832,0.3295369252775369
476,1.7259999999999476,0.07492082496180448,0.3256380831362031
477,1.7269999999999475,0.05427029894348494,0.32426624059802284
478,1.7279999999999474,0.06669638886664485,0.32501231136610464
479,1.7289999999999472,0.0763095843811123,0.3213310565216552
480,1.7299999999999471,0.07224271237265935,0.3157200569858084
481,1.730999999999947,0.054286121233635874,0.31692417427383185
482,1.731999999999947,0.07214855285312743,0.31310807780234945
483,1.7329999999999468,0.049248577877276385,0.3070748111048437
484,1.7339999999999467,0.06427221062405222,0.3109897177871041
485,1.7349999999999466,0.0660617881091709,0.3056639094867613
486,1.7359999999999465,0.06794561973126804,0.30395935248732486
487,1.7369999999999464,0.0648132810340668,0.3040101316313233
488,1.7379999999999463,0.06676093356442678,0.30055800241476943
489,1.7389999999999461,0.07070792895651475,0.3011964572609087
490,1.739999999999946,0.06584653487547071,0.30099934588181054
491,1.740999999999946,0.0660413927483169,0.29822891856472494
492,1.7419999999999458,0.06805876720378848,0.2914113239394437
493,1.7429999999999457,0.06618919501032575,0.29083317944360004
494,1.7439999999999456,0.07185358118053452,0.2899377213644268
495,1.7449999999999455,0.07135717678341218,0.28811377665371934
496,1.7459999999999454,0.0679203548943612,0.2868780746207388
497,1.7469999999999453,0.062267085023282986,0.2869820521764544
498,1.7479999999999452,0.08600570861876301,0.2860586684035631
499,1.748999999999945,0.06991997765801541,0.28130319501823214
500,1.749999999999945,0.06418508692726106,0.2816040575140338
501,1.7509999999999448,0.06502032099940956,0.2782683732258929
502,1.7519999999999447,0.06298067357408549,0.2784699418439533
503,1.7529999999999446,0.05968526421171237,0.27557586109516075
504,1.7539999999999445,0.07226881415811233,0.2712788458632373
505,1.7549999999999444,0.06731971698193726,0.27368718864345976
506,1.7559999999999443,0.06764725721983052,0.27047821555913387
507,1.7569999999999442,0.07183728256916543,0.27216537182352274
508,1.757999999999944,0.08174736589219878,0.27024690642653687
509,1.758999999999944,0.06463316029378753,0.2690861648027086
510,1.7599999999999438,0.05962904939065106,0.2657238451889652
511,1.7609999999999437,0.06469277571623964,0.26199525059334905
512,1.7619999999999436,0.06976505892916471,0.26209110431238386
513,1.7629999999999435,0.06350452033354483,0.2603948194116465
514,1.7639999999999434,0.06553871586423939,0.2621767916396973
515,1.7649999999999433,0.06608531339634233,0.2601473728526779
516,1.7659999999999432,0.06332198604388861,0.2575458785113049
517,1.766999999999943,0.07696127834568593,0.26138776064043234
518,1.767999999999943,0.07260947780324539,0.25793752215938215
519,1.7689999999999428,0.12064062945580474,0.29908035454211135
520,1.7699999999999427,0.06218121406351321,0.2512495712360588
521,1.7709999999999426,0.0655322921228145,0.2512652124185227
522,1.7719999999999425,0.07126680937156017,0.25198891249901084
523,1.7729999999999424,0.059904839109915786,0.24872302520174658
524,1.7739999999999423,0.06329235840924918,0.2481099184545154
525,1.7749999999999422,0.06460511642765417,0.24717629392047558
526,1.775999999999942,0.06177217390824493,0.24725706745155046
527,1.776999999999942,0.07316121564753829,0.24579517654664915
528,1.7779999999999418,0.059605692395099406,0.24326937355755057
529,1.7789999999999417,0.06538585769655261,0.24254503732195173
530,1.7799999999999416,0.07028568649318719,0.24192775700403152
531,1.7809999999999415,0.057128616766514255,0.23927058198789725
532,1.7819999999999414,0.06623381948787783,0.2390172693488645
533,1.7829999999999413,0.061252185005711716,0.23938288628454094
534,1.7839999999999412,0.07224549151400297,0.23724491860595093
535,1.784999999999941,0.07396407820791645,0.23759529396218887
536,1.785999999999941,0.056014436299956095,0.2347746483008244
537,1.7869999999999409,0.046988928231749584,0.23058370533701608
538,1.7879999999999407,0.07053566252353384,0.23505619419084717
539,1.7889999999999406,0.06522569097675261,0.23031112292326844
540,1.7899999999999405,0.057487439213282754,0.2324022441227154
541,1.7909999999999404,0.0647565970532486,0.22792448174091431
542,1.7919999999999403,0.07427138834037182,0.22754208825958408
543,1.7929999999999402,0.060766403077816555,0.22945166408597836
544,1.79399999999994,0.06553039452795141,0.22661248980310325
545,1.79499999999994,0.06904630142509101,0.22683053202635
546,1.7959999999999399,0.09099394939788046,0.22604356505923903
547,1.7969999999999398,0.06527196645194654,0.2243732981036627
548,1.7979999999999396,0.06888938039238078,0.2235982202820948
549,1.7989999999999395,0.06727475380922507,0.22317534153037286
550,1.7999999999999394,0.07148775748035405,0.22329263640430197
551,1.8009999999999393,0.07267105224625328,0.2212921356890336
552,1.8019999999999392,0.050854660834943985,0.21954566003601975
553,1.802999999999939,0.08332734888453917,0.21956883553761286
554,1.803999999999939,0.07078351138648124,0.21865909985906332
555,1.8049999999999389,0.06708307308917068,0.21895155091216964
556,1.8059999999999388,0.06605059105127269,0.21774727714962389
557,1.8069999999999387,0.06644703838705021,0.21670774893681957
558,1.8079999999999385,0.07769604438367536,0.2174005372751986
559,1.8089999999999384,0.05388703099935862,0.21501544312478868
560,1.8099999999999383,0.06680825902562103,0.21318354498669861
561,1.8109999999999382,0.0715591313671131,0.21342851267515026
562,1.811999999999938,0.07249449897415197,0.21243116207957308
563,1.812999999999938,0.06992825825904007,0.210644169283611
564,1.8139999999999379,0.062042237129316016,0.21041354169229395
565,1.8149999999999378,0.05656559114542953,0.20963058074132793
566,1.8159999999999377,0.07522629296773871,0.20997963619677854
567,1.8169999999999376,0.07806362160952858,0.20893293437273794
568,1.8179999999999374,0.06517950188731307,0.20781251833304581
569,1.8189999999999373,0.07200339487934371,0.20905430314248852
570,1.8199999999999372,0.0668795717899269,0.2067024155305416
571,1.8209999999999371,0.07437693322414671,0.20686187732110226
572,1.821999999999937,0.06455294530737102,0.20602787307054313
573,1.822999999999937,0.06076128687999715,0.20527290201751147
574,1.8239999999999368,0.06430132634746985,0.20506942037294534
575,1.8249999999999367,0.08045235035430968,0.2109352627391114
576,1.8259999999999366,0.0749010433285774,0.20340919465770965
577,1.8269999999999365,0.06302148613542133,0.20084177141239315
578,1.8279999999999363,0.06147267415977386,0.20101209026162478
579,1.8289999999999362,0.05655184968129688,0.2002665043034513
580,1.8299999999999361,0.069492108935132,0.20072309937065244
581,1.830999999999936,0.06893950997460468,0.20050234114002324
582,1.831999999999936,0.07278210379971085,0.19655048513335233
583,1.8329999999999358,0.06937340124387328,0.19876402840665802
584,1.8339999999999357,0.07798413244201399,0.20430925240774234
585,1.8349999999999356,0.06684351796879981,0.1973267798345053
586,1.8359999999999355,0.0554711394901017,0.19648565821231484
587,1.8369999999999354,0.07068013283708191,0.19739771090550987
588,1.8379999999999352,0.06422819969356534,0.1961857201756529
589,1.8389999999999351,0.07153919876110698,0.19495732946294214
590,1.839999999999935,0.0712640284168111,0.19508803061472793
591,1.840999999999935,0.06473168840267335,0.19507182396444994
592,1.8419999999999348,0.07052440435570814,0.19316206737288202
593,1.8429999999999347,0.05930719904776125,0.19341662318273858
594,1.8439999999999346,0.08063851573850873,0.19458323215546064
595,1.8449999999999345,0.07276131345910225,0.192906947283328
596,1.8459999999999344,0.06517053840632969,0.19281696700783058
597,1.8469999999999342,0.06669265986665118,0.19137353300740217
598,1.8479999999999341,0.07204296175261668,0.19142252635663565
599,1.848999999999934,0.06604029435786572,0.19044216966743258
600,1.849999999999934,0.06832409683249976,0.1899190742753867
601,1.8509999999999338,0.06871873790619544,0.18914919110117553
602,1.8519999999999337,0.07568644489223497,0.19028452111128374
603,1.8529999999999336,0.06723615698846215,0.18843648263878746
604,1.8539999999999335,0.06348903675230007,0.18769002543639784
605,1.8549999999999334,0.06269851844730948,0.18673323479301968
606,1.8559999999999333,0.06699805793611056,0.18889756179168476
607,1.8569999999999331,0.07014428184338699,0.1864822643614806
608,1.857999999999933,0.0754085950485019,0.18662412940276335
609,1.858999999999933,0.0792505598050291,0.1868395440970991
610,1.8599999999999328,0.06897882499924372,0.18658663334450676
611,1.8609999999999327,0.06360498009339224,0.18360278160350835
612,1.8619999999999326,0.08496916896451139,0.18673618382783325
613,1.8629999999999325,0.07076658193441737,0.18441641113537932
614,1.8639999999999324,0.06511587622779443,0.18343784968519888
615,1.8649999999999323,0.08632579199333507,0.184381663627211
616,1.8659999999999322,0.07043237996785957,0.181670495459911
617,1.866999999999932,0.0728901784008567,0.1821485316629243
618,1.867999999999932,0.06635213126275777,0.18138944244219193
619,1.8689999999999318,0.08964995603222456,0.18136577486602162
620,1.8699999999999317,0.06854593209502188,0.18173176613388647
621,1.8709999999999316,0.1309336558817761,0.19131354189399424
622,1.8719999999999315,0.07338754502285148,0.18118342453866063
623,1.8729999999999314,0.07784113693542943,0.1819603006339471
624,1.8739999999999313,0.07783421408726914,0.18124748356367565
625,1.8749999999999312,0.07124846760869297,0.18080187608733486
626,1.875999999999931,0.0820624023875056,0.1804108377560626
627,1.876999999999931,0.07112444137594301,0.17941122440502108
628,1.8779999999999308,0.0766691949139273,0.17859380114587864
629,1.8789999999999307,0.07946340985996023,0.17681309400135414
630,1.8799999999999306,0.08069906827115815,0.17864194744618675
631,1.8809999999999305,0.07370993077674884,0.1775308338745984
632,1.8819999999999304,0.14647719013237964,0.20166219343748576
633,1.8829999999999303,0.06762205330855174,0.1760984035057285
634,1.8839999999999302,0.07444725974911535,0.1770475531877963
635,1.88499999999993,0.0753690076493401,0.1760414064645077
636,1.88599999999993,0.0804757089628071,0.1772748683421916
637,1.8869999999999298,0.09160741891389487,0.17746218414610176
638,1.8879999999999297,0.07612173174238093,0.17566926158590127
639,1.8889999999999296,0.09310233764277398,0.17693423281382126
640,1.8899999999999295,0.07049179511542739,0.17254365811951322
641,1.8909999999999294,0.10663721358132718,0.175664444999239
642,1.8919999999999293,0.0865612769687115,0.17538411046130997
643,1.8929999999999292,0.14619216939702848,0.21175854287146323
644,1.893999999999929,0.07901943453093264,0.171553295493504
645,1.894999999999929,0.10018614557792796,0.17534072286962776
646,1.8959999999999289,0.07875145315375387,0.17143512656338958
647,1.8969999999999287,0.08367051560750217,0.17255671682615803
648,1.8979999999999286,0.10407329583363276,0.17369254979563198
649,1.8989999999999285,0.08218837831695136,0.17132649647230339
650,1.8999999999999284,0.10428248300079096,0.17386521360444926
651,1.9009999999999283,0.09504108783013043,0.17226451813362112
652,1.9019999999999282,0.08955060895252959,0.1719537164292503
653,1.902999999999928,0.08320750318138359,0.17034290914478423
654,1.903999999999928,0.0951530674040822,0.171032870291647
655,1.9049999999999279,0.09131154148650016,0.16959612729790263
656,1.9059999999999278,0.08739704122102218,0.17000301032793058
657,1.9069999999999276,0.09000250665913041,0.16751935749133703
658,1.9079999999999275,0.09005020411312592,0.16791887258366375
659,1.9089999999999274,0.10159591129692631,0.1703466287433958
660,1.9099999999999273,0.0971213592054029,0.16830871715651138
661,1.9109999999999272,0.0950054271880236,0.16942604173541712
662,1.911999999999927,0.09637879609828634,0.1683103800369146
663,1.912999999999927,0.09590437855675413,0.16854904853443536
664,1.9139999999999269,0.09720104331312023,0.16821898193374335
665,1.9149999999999268,0.11588139031939532,0.1698284111883231
666,1.9159999999999267,0.0972563052009904,0.16643239736026452
667,1.9169999999999265,0.102542639097449,0.16733774568731763
668,1.9179999999999264,0.09777912605732957,0.16560807507090716
669,1.9189999999999263,0.1028894868048241,0.1662838254920071
670,1.9199999999999262,0.10436839116751857,0.16641153131382955
671,1.920999999999926,0.0978235614514266,0.16533246863942389
672,1.921999999999926,0.10985588000717576,0.16611020798704546
673,1.9229999999999259,0.10736414484323863,0.16593226239858655
674,1.9239999999999258,0.11030294163364135,0.16556084205486757
675,1.9249999999999257,0.10643635435105724,0.1665049176678842
676,1.9259999999999255,0.17566617491835826,0.17602344618171253
677,1.9269999999999254,0.11542894572472621,0.16560482021244063
678,1.9279999999999253,0.24376475034751055,0.2165436899058237
679,1.9289999999999252,0.11543097687173931,0.1643567727024302
680,1.929999999999925,0.11045197052694719,0.16351599683276957
681,1.930999999999925,0.12456964425154636,0.16567359678863497
682,1.9319999999999249,0.12201886505260788,0.16571334620276648
683,1.9329999999999248,0.11863042835802792,0.16346923732990673
684,1.9339999999999247,0.12155334295830607,0.16079113068181095
685,1.9349999999999246,0.1261131954121318,0.1635286433769611
686,1.9359999999999244,0.12937169488932462,0.1640033304121451
687,1.9369999999999243,0.12643775824947603,0.1625477637849892
688,1.9379999999999242,0.13301196447425756,0.16152721713123558
689,1.9389999999999241,0.13242800084890474,0.16196049355952388
690,1.939999999999924,0.13597901154923808,0.16235174027340388
691,1.940999999999924,0.13740673781778565,0.16306590847904065
692,1.9419999999999238,0.13954466439919022,0.162798064585505
693,1.9429999999999237,0.14250128938043743,0.16123881762259784
694,1.9439999999999236,0.14865944292272015,0.1632415811059588
695,1.9449999999999235,0.14728522311752856,0.16069117427712176
696,1.9459999999999233,0.15502273627557067,0.16147400797612516
697,1.9469999999999232,0.155311067717439,0.1612199155603551
698,1.9479999999999231,0.1568738406129237,0.16108766772001704
699,1.948999999999923,0.1547751746989131,0.16003544240367024
700,1.949999999999923,0.16611272234290728,0.16119600352697044
701,1.9509999999999228,0.1708866586854828,0.16145018975503125
702,1.9519999999999227,0.163381515679206,0.15965551436022565
703,1.9529999999999226,0.17537127646986495,0.16018379144983644
704,1.9539999999999225,0.17292320388785054,0.16026240580128956
705,1.9549999999999224,0.19786299014574416,0.15984531159781779
706,1.9559999999999222,0.1807550107655405,0.15972991092692307
707,1.9569999999999221,0.2989263625603427,0.17157981942450498
708,1.957999999999922,0.18467432188377475,0.15824869712010242
709,1.958999999999922,0.1981189477886851,0.1597066682580592
710,1.9599999999999218,0.19698665092265683,0.1599273331778178
711,1.9609999999999217,0.20364024365945033,0.1590588691749354
712,1.9619999999999216,0.21017726522164087,0.15738282568750722
713,1.9629999999999215,0.2143924068851577,0.15938178488274293
714,1.9639999999999214,0.2738958281146475,0.15886780614798807
715,1.9649999999999213,0.22834055386750385,0.16131890981101188
716,1.9659999999999211,0.23547495647546565,0.16105104881580018
717,1.966999999999921,0.24373532570704146,0.15923886478953525
718,1.967999999999921,0.24525471041726346,0.16041807310965492
719,1.9689999999999208,0.25878116914899313,0.15863531081170662
720,1.9699999999999207,0.25662333056807474,0.1597436602330341
721,1.9709999999999206,0.2816349366831091,0.1588045270305053
722,1.9719999999999205,0.2703967303592774,0.15979618871938844
723,1.9729999999999204,0.28244885428583855,0.1576132471736682
724,1.9739999999999203,0.30013446740936617,0.15728614044326145
725,1.9749999999999202,0.29988983646449907,0.15833575216239654
726,1.97599999999992,0.3196950453945511,0.1592415906777146
727,1.97699999999992,0.3183193111923988,0.15760627563308272
728,1.9779999999999198,0.337171413538837,0.15776296222332137
729,1.9789999999999197,0.34031389955444086,0.15681919718443826
730,1.9799999999999196,0.3606613566428483,0.1578670052430687
731,1.9809999999999195,0.35892162750858225,0.1560347752408409
732,1.9819999999999194,0.38287181130242254,0.15670262639318056
733,1.9829999999999193,0.4186546773403108,0.15788574244719067
734,1.9839999999999192,0.41400972084208587,0.15739145364624227
735,1.984999999999919,0.4457676465089317,0.15854517574028873
736,1.985999999999919,0.4483501330605605,0.15865877576330784
737,1.9869999999999188,0.4852867670759526,0.15613087436312395
738,1.9879999999999187,0.43501785217310224,0.15605968566995534
739,1.9889999999999186,0.5330892321633413,0.15692737516069968
740,1.9899999999999185,0.7396743292163028,0.1559301993888523
741,1.9909999999999184,0.5798845935153779,0.1565678208955867
742,1.9919999999999183,0.9706938854120166,0.1589632033439258
743,1.9929999999999182,0.6459707086337879,0.15708638865022395
744,1.993999999999918,0.7134261675062868,0.15849397398266193
745,1.994999999999918,0.8051483256194448,0.1587121123358297
746,1.9959999999999178,0.8020042091336361,0.1561788353782568
747,1.9969999999999177,0.8852856634173133,0.15735067249621185
748,1.9979999999999176,0.9095551132686797,0.15566546001222328
749,1.9989999999999175,1.0289187514132556,0.15805831890627814
750,1.9999999999999174,1.0407794518845743,0.15658006042474462
751,2.0009999999999173,1.1953269560102842,0.1568390344352998
752,2.001999999999917,1.3838748622185038,0.1552188028505654
753,2.002999999999917,1.383365417037912,0.1570691234921434
754,2.003999999999917,1.5612918462251835,0.15659608870605457
755,2.004999999999917,1.5688474951346878,0.15457056202272595
756,2.0059999999999167,1.7155738043827717,0.15533212451755182
757,2.0069999999999166,1.7133865737472407,0.15851019293180088
758,2.0079999999999165,1.7946526938944705,0.15586325031513507
759,2.0089999999999164,1.7112086869846366,0.15577775805998773
760,2.0099999999999163,1.7147592838589871,0.1554915694175895
761,2.010999999999916,1.4246109912883704,0.1893332384460296
762,2.011999999999916,1.560028543826746,0.1570668136280713
763,2.012999999999916,1.5815239807306944,0.15509774603133925
764,2.013999999999916,1.3977479137948492,0.15257520889743928
765,2.0149999999999157,1.2387913922443947,0.1537737767865422
766,2.0159999999999156,1.1420167910997026,0.15597111933362154
767,2.0169999999999155,1.0838080029113963,0.15586448067538602
768,2.0179999999999154,1.0629569717651395,0.15324603750846286
769,2.0189999999999153,0.9662956218852314,0.153729760244089
770,2.019999999999915,1.1640236785271538,0.15653054195171712
771,2.020999999999915,0.7847138539493322,0.1542912209660961
772,2.021999999999915,0.7879616356855542,0.15389398907204335
773,2.022999999999915,0.7133526298633343,0.152830447742167
774,2.0239999999999148,0.7219752736128211,0.15551135938823554
775,2.0249999999999146,0.6512015620748015,0.15373292095570584
776,2.0259999999999145,0.662079794965661,0.1534662232991748
777,2.0269999999999144,0.602556922653501,0.15583597206379857
778,2.0279999999999143,0.5683785199165259,0.15276186876120293
779,2.028999999999914,0.5748139997477383,0.15513617109274794
780,2.029999999999914,0.5337375646277228,0.15288762283243804
781,2.030999999999914,0.5382338881286336,0.15557367925915422
782,2.031999999999914,0.5080501220076634,0.15438598825371366
783,2.0329999999999138,0.5007754389236508,0.15234458397923378
784,2.0339999999999137,0.48281971063986207,0.15690309798095237
785,2.0349999999999135,0.4276681620530804,0.15730409017711144
786,2.0359999999999134,0.44957688399217244,0.15353851319480957
787,2.0369999999999133,0.41518856041058044,0.15391661944419588
788,2.037999999999913,0.43522346717478566,0.15523936210402633
789,2.038999999999913,0.41349042635444805,0.1550763491701404
790,2.039999999999913,0.4127825586723696,0.15373528091133865
791,2.040999999999913,0.5586424888082514,0.16301088849623988
792,2.0419999999999128,0.39829000551575244,0.15609836368582372
793,2.0429999999999127,0.43265077557981835,0.1593392036799199
794,2.0439999999999126,0.3656013490319592,0.15446452511416944
795,2.0449999999999124,0.36456780655352666,0.1544549366957872
796,2.0459999999999123,0.34850921789950495,0.1542407324514469
797,2.0469999999999122,0.35280017124763335,0.15554642519750028
798,2.047999999999912,0.34048867367700153,0.15408436604088205
799,2.048999999999912,0.3398344605569766,0.15428168056657066
800,2.049999999999912,0.32907868139528595,0.1553247419347197
801,2.050999999999912,0.317998326749966,0.15453007616741804
802,2.0519999999999117,0.31839848560653905,0.15460070364160733
803,2.0529999999999116,0.30881746378283514,0.15452450842796447
804,2.0539999999999115,0.3086280201190276,0.15497906107920079
805,2.0549999999999113,0.29636160416699103,0.15367735038724795
806,2.0559999999999112,0.29173852506532155,0.15473955914650345
807,2.056999999999911,0.2980414833225373,0.15905921946361812
808,2.057999999999911,0.2872479693759026,0.15677053943967467
809,2.058999999999911,0.2842328002713812,0.15444472685057506
810,2.059999999999911,0.27460516849534405,0.15459101470763778
811,2.0609999999999107,0.27663375316300404,0.15433012390003975
812,2.0619999999999106,0.2678157857968002,0.15402783707886544
813,2.0629999999999105,0.26268643624020854,0.15484288894865705
814,2.0639999999999104,0.2642414807917134,0.15451176224498783
815,2.0649999999999102,0.26069083434450535,0.15609027023852068
816,2.06599999999991,0.25629878151005886,0.15456814775675676
817,2.06699999999991,0.25261009770692916,0.15508737798736352
818,2.06799999999991,0.2528462914467079,0.15474960719702144
819,2.06899999999991,0.24941070169846086,0.15670864592593323
820,2.0699999999999097,0.24652897238093988,0.1545693884259231
821,2.0709999999999096,0.24277576297411302,0.15524630639296344
822,2.0719999999999095,0.35204934270501687,0.1912685920998571
823,2.0729999999999094,0.23657055411768552,0.15477124178438809
824,2.0739999999999092,0.23307314472322885,0.1560609809035123
825,2.074999999999909,0.2355073437605581,0.15682875672268695
826,2.075999999999909,0.23022581079453808,0.156208368052688
827,2.076999999999909,0.22490549878966692,0.15357965697587764
828,2.077999999999909,0.2229562949273406,0.15502921720398932
829,2.0789999999999087,0.22003306522043398,0.15532418301303086
830,2.0799999999999086,0.2218865836912816,0.15654609523688273
831,2.0809999999999085,0.23167602241493368,0.156003581776073
832,2.0819999999999084,0.21433717096515817,0.15408671220474024
833,2.0829999999999083,0.2176405358036716,0.15758555649899195
834,2.083999999999908,0.2115616536880479,0.15615035926491802
835,2.084999999999908,0.21118970825577713,0.15582500454510487
836,2.085999999999908,0.20732450480555803,0.15704441443422812
837,2.086999999999908,0.20662250732509863,0.15656979881535008
838,2.0879999999999077,0.2060737294539519,0.1577018032963075
839,2.0889999999999076,0.20313561347683895,0.15621540197874423
840,2.0899999999999075,0.20262867178103833,0.15700773555900124
841,2.0909999999999074,0.19932936630261017,0.15698437048533734
842,2.0919999999999073,0.1989677762810104,0.15739474663555322
843,2.092999999999907,0.19488301850857356,0.1562826644906351
844,2.093999999999907,0.19686614653391069,0.157724519890352
845,2.094999999999907,0.1945178046463239,0.15753436362484532
846,2.095999999999907,0.19347658245332255,0.15831512849692425
847,2.0969999999999067,0.19283050394226658,0.15893666095132816
848,2.0979999999999066,0.18913525308529025,0.15811550478863567
849,2.0989999999999065,0.18830836761645983,0.1570627960335647
850,2.0999999999999064,0.19158952258843923,0.16000710197957455
851,2.1009999999999063,0.18694356861775757,0.1577615824042347
852,2.101999999999906,0.18570871201919886,0.15971108989886992
853,2.102999999999906,0.1859441181698091,0.16034669485761147
854,2.103999999999906,0.18263261562189972,0.1574893248128563
855,2.104999999999906,0.17695324448336147,0.15699354030888177
856,2.1059999999999057,0.18055854918603162,0.1578378485870596
857,2.1069999999999056,0.18055598803863407,0.16071895065984837
858,2.1079999999999055,0.1816802615081034,0.1605811503684286
859,2.1089999999999054,0.17682910162700283,0.15926197233290929
860,2.1099999999999053,0.17698286684357137,0.15924244505097232
861,2.110999999999905,0.17633850254124495,0.15987206785086802
862,2.111999999999905,0.17180154960477936,0.15876882606036655
863,2.112999999999905,0.1733798616693093,0.1593209220632363
864,2.113999999999905,0.17960933305693447,0.16400162386078737
865,2.1149999999999047,0.1717478283592113,0.1602422241690328
866,2.1159999999999046,0.17107177741049268,0.16055546458429473
867,2.1169999999999045,0.16539744710348417,0.1593769069564968
868,2.1179999999999044,0.16788307660526783,0.16033113850394085
869,2.1189999999999043,0.17016499037065239,0.16163987571724783
870,2.119999999999904,0.1670982545778657,0.16147201790888166
871,2.120999999999904,0.16580656703767013,0.16191679796097344
872,2.121999999999904,0.16378731967833104,0.1628470855794308
873,2.122999999999904,0.16775127957274355,0.16060141849849977
874,2.1239999999999037,0.17301687341410885,0.16424201736463018
875,2.1249999999999036,0.16239563392956272,0.1615744183623122
876,2.1259999999999035,0.21637335295930651,0.18441438759756906
877,2.1269999999999034,0.1595286783827181,0.16062078056492798
878,2.1279999999999033,0.1579295172840092,0.16013807371149522
879,2.128999999999903,0.16512443020405582,0.16414061801716134
880,2.129999999999903,0.16496232071545844,0.16488526412774282
881,2.130999999999903,0.1574147183777283,0.16288388141788468
882,2.131999999999903,0.16255941852106423,0.1646260238675127
883,2.1329999999999028,0.158880028973877,0.16449622296047137
884,2.1339999999999026,0.16303840043963969,0.1652614488543247
885,2.1349999999999025,0.15709365740096234,0.16576982980359173
886,2.1359999999999024,0.1573556904261828,0.16712013560716782
887,2.1369999999999023,0.17321171846529254,0.16907954086921298
888,2.137999999999902,0.15561562183212937,0.16549107123612922
889,2.138999999999902,0.18578142691946306,0.17447913427258224
890,2.139999999999902,0.15167916838709888,0.16434356702534397
891,2.140999999999902,0.15155893800121065,0.16630324278545808
892,2.1419999999999018,0.1581894042329172,0.16789768964287013
893,2.1429999999999017,0.14827450829956054,0.1658798491570817
894,2.1439999999999015,0.15295933620817395,0.1671477738777231
895,2.1449999999999014,0.15273377289340276,0.16712538451671213
896,2.1459999999999013,0.14728508240189622,0.16684060428512323
897,2.146999999999901,0.14028682780716736,0.16075012383122936
898,2.147999999999901,0.15909104890372155,0.16998874928092583
899,2.148999999999901,0.14483525151259813,0.16313967113363742
900,2.149999999999901,0.2148273675379983,0.2101312341348362
901,2.1509999999999008,0.1379223415226898,0.16202079668579192
902,2.1519999999999007,0.1369625835282345,0.16148890060404789
903,2.1529999999999005,0.13686963139759425,0.16430779993448905
904,2.1539999999999004,0.13621338670642952,0.16188258378231216
905,2.1549999999999003,0.1336647487084763,0.1619175661963734
906,2.1559999999999,0.13284724342240464,0.16418879623689586
907,2.1569999999999,0.13186858436444165,0.1651332224069866
908,2.1579999999999,0.13503970688074823,0.16444458120924849
909,2.1589999999999,0.13401397919079142,0.16521812434265765
910,2.1599999999998998,0.13082795548281095,0.16345496905586585
911,2.1609999999998997,0.13905018780364373,0.16764708825950583
912,2.1619999999998996,0.13303345553618245,0.16750841234308528
913,2.1629999999998994,0.14087693435325904,0.16973573120422983
914,2.1639999999998993,0.13076379091519974,0.16454272211535198
915,2.1649999999998992,0.13379179427391677,0.16689620174268524
916,2.165999999999899,0.13048775901095888,0.16638904288382111
917,2.166999999999899,0.12858516588236343,0.16621174662192845
918,2.167999999999899,0.12995020466337934,0.16844754189747946
919,2.168999999999899,0.13158975124776282,0.1675232944757897
920,2.1699999999998987,0.12989648642952664,0.16870727693593326
921,2.1709999999998986,0.13212710559259788,0.1686294952483001
922,2.1719999999998985,0.1302513950476967,0.16995825665782183
923,2.1729999999998983,0.12539674765845593,0.16962733431035582
924,2.1739999999998982,0.1268056270040482,0.1692794160746166
925,2.174999999999898,0.12518542695538032,0.17048120988900514
926,2.175999999999898,0.13401896657529463,0.17210983865801155
927,2.176999999999898,0.12472427739018208,0.17232931353822614
928,2.177999999999898,0.12631669866569725,0.17251285848587894
929,2.1789999999998977,0.12550619656749773,0.17020946711579382
930,2.1799999999998976,0.12681997841355291,0.17038118898309704
931,2.1809999999998975,0.12439475453222959,0.1720493814532081
932,2.1819999999998974,0.12411051713001675,0.1759301778208993
933,2.1829999999998972,0.12320926182576422,0.17524083592613873
934,2.183999999999897,0.12281449728544166,0.17432394469038637
935,2.184999999999897,0.1210597228382291,0.17309155251805905
936,2.185999999999897,0.11960896597723544,0.17334696037147052
937,2.186999999999897,0.12076870897446093,0.1733847488598705
938,2.1879999999998967,0.12474447568833517,0.17611475961092263
939,2.1889999999998966,0.12084574878102844,0.1777482878946998
940,2.1899999999998965,0.12241855497958895,0.17816320079623255
941,2.1909999999998964,0.1190197636870303,0.17795519539642993
942,2.1919999999998963,0.12329918058543153,0.17899743812584473
943,2.192999999999896,0.11879177876465533,0.17713740239961356
944,2.193999999999896,0.11870983793850862,0.1792176530686167
945,2.194999999999896,0.12025575554296468,0.1788389820880582
946,2.195999999999896,0.11912237113329846,0.1795397326231319
947,2.1969999999998957,0.1179857624974174,0.17948444204995798
948,2.1979999999998956,0.11774389490496152,0.17985690572366192
949,2.1989999999998955,0.11861055400483114,0.1802337615701472
950,2.1999999999998954,0.11814506597437638,0.18123430751607542
951,2.2009999999998953,0.11728963417043212,0.18062324637198612
952,2.201999999999895,0.11955429583973935,0.1812892359421481
953,2.202999999999895,0.11628444202713083,0.1814988460963077
954,2.203999999999895,0.12089554921784497,0.1851916403269035
955,2.204999999999895,0.11457471555791099,0.1820753890173682
956,2.2059999999998947,0.11837762298012715,0.1838983632821612
957,2.2069999999998946,0.12111743529997981,0.18650686666460797
958,2.2079999999998945,0.1147020811749451,0.182998475163662
959,2.2089999999998944,0.19671343678868622,0.2260733191249582
960,2.2099999999998943,0.11429671343613271,0.18384979633830117
961,2.210999999999894,0.13168094140746203,0.18877026227213892
962,2.211999999999894,0.1139358086602536,0.1878048452989609
963,2.212999999999894,0.11568748942380924,0.1902928897513757
964,2.213999999999894,0.11833126198802452,0.19228993451410942
965,2.2149999999998937,0.11247746625196746,0.18790954160298018
966,2.2159999999998936,0.1160007555655252,0.1891932472968321
967,2.2169999999998935,0.11295421271329695,0.18927310724309349
968,2.2179999999998934,0.11670425026852517,0.19270990747656147
969,2.2189999999998933,0.11469846735212816,0.19150830390899967
970,2.219999999999893,0.1150016889133312,0.1928959044022618
971,2.220999999999893,0.11283832881106104,0.19471552197794134
972,2.221999999999893,0.11249681209873899,0.19502096353544224
973,2.222999999999893,0.11609313346982425,0.19653149817647148
974,2.2239999999998927,0.11237100456043642,0.19532287593037023
975,2.2249999999998926,0.11233697085814005,0.1984195288428062
976,2.2259999999998925,0.11442331305190127,0.19622222718482027
977,2.2269999999998924,0.11097630853042248,0.19711875041713842
978,2.2279999999998923,0.11206309234386584,0.19786399759613738
979,2.228999999999892,0.11335633667679437,0.1985237834476574
980,2.229999999999892,0.11258916569440074,0.20356017978064034
981,2.230999999999892,0.1144953795015734,0.20404261822016062
982,2.231999999999892,0.11069644253575263,0.2008624861714319
983,2.2329999999998917,0.11365145697575545,0.2034143352538517
984,2.2339999999998916,0.11503304249417208,0.2064633998501173
985,2.2349999999998915,0.11237727522908562,0.20425298455119958
986,2.2359999999998914,0.11272356683467545,0.20933578521187332
987,2.2369999999998913,0.1117745328563548,0.2072498982461275
988,2.237999999999891,0.1118468235915429,0.2104543963052074
989,2.238999999999891,0.10781246776883649,0.20597488040001308
990,2.239999999999891,0.11557201490831438,0.21184005573016526
991,2.240999999999891,0.11069447663853663,0.2102000882126804
992,2.2419999999998907,0.1110647948795391,0.2123724518975956
993,2.2429999999998906,0.10841243368561701,0.21057183608536775
994,2.2439999999998905,0.13971617510040749,0.23538436904790172
995,2.2449999999998904,0.11274599548917057,0.21342914406308447
996,2.2459999999998903,0.16741257073261737,0.2639286135691514
997,2.24699999999989,0.11135989296366913,0.2156037874335482
998,2.24799999999989,0.11257707334265686,0.2184017678439524
999,2.24899999999989,0.11216739808491699,0.22027216112371853
1000,2.24999999999989,0.1112224697360618,0.2200991027839397
1001,2.2509999999998898,0.11009318102634078,0.22133073053993643
1002,2.2519999999998896,0.11054809473610513,0.22280917633221142
1003,2.2529999999998895,0.11420756673729134,0.22392837407823124
1004,2.2539999999998894,0.11064976645411556,0.22649376201160012
1005,2.2549999999998893,0.11929419724700996,0.23511977716402302
1006,2.255999999999889,0.1085238292023308,0.2231625275335348
1007,2.256999999999889,0.10786987066127253,0.23107277403881082
1008,2.257999999999889,0.10904533405158158,0.2326534750488822
1009,2.258999999999889,0.11173242281344256,0.23489803853079916
1010,2.2599999999998888,0.10672328962132872,0.22914235076511996
1011,2.2609999999998887,0.1090664644710497,0.22898663488516746
1012,2.2619999999998885,0.10755514256232826,0.23241754808023735
1013,2.2629999999998884,0.10561791358141802,0.2313310837281355
1014,2.2639999999998883,0.10768705764704127,0.2383318792765634
1015,2.264999999999888,0.1099379161323309,0.24020328062723564
1016,2.265999999999888,0.12458885912739134,0.24584124603593221
1017,2.266999999999888,0.10591132253406375,0.24209638682982026
1018,2.267999999999888,0.10938495592588938,0.2454400092983936
1019,2.2689999999998878,0.10438824713337498,0.2443575338361011
1020,2.2699999999998877,0.10405585703559554,0.24552294784094486
1021,2.2709999999998876,0.10662564891668204,0.24854114548308123
1022,2.2719999999998874,0.10775723413351994,0.2520475813710303
1023,2.2729999999998873,0.10522373839780562,0.25184174062386205
1024,2.2739999999998872,0.10560320762858255,0.2518583328141497
1025,2.274999999999887,0.10321318380431468,0.2526750102098897
1026,2.275999999999887,0.10478991650292858,0.2560225095932308
1027,2.276999999999887,0.1044708074471397,0.25824877277576624
1028,2.277999999999887,0.10611224784721053,0.2579615582151726
1029,2.2789999999998867,0.2003696212459012,0.34262113251771964
1030,2.2799999999998866,0.10247029459069092,0.2678519234734753
1031,2.2809999999998865,0.10455786169682825,0.2622289762534521
1032,2.2819999999998863,0.10464751721995567,0.26410052449026045
1033,2.2829999999998862,0.10211224318645026,0.2718933493444664
1034,2.283999999999886,0.10513626218334662,0.276067426439866
1035,2.284999999999886,0.10432658200928333,0.2712154843815427
1036,2.285999999999886,0.10517497842795549,0.2753002992003271
1037,2.286999999999886,0.10104520616209915,0.27878382718689665
1038,2.2879999999998857,0.10097019801041059,0.27994276212111435
1039,2.2889999999998856,0.1035920527655585,0.2875467791298254
1040,2.2899999999998855,0.12389047859192588,0.30575671434583007
1041,2.2909999999998854,0.10178365787283396,0.28475701310783563
1042,2.2919999999998852,0.11127518014622556,0.2954608528855447
1043,2.292999999999885,0.10259568035673318,0.2913541552731121
1044,2.293999999999885,0.10268270962845738,0.29555252566990026
1045,2.294999999999885,0.10578341366148451,0.2969802826003574
1046,2.295999999999885,0.10094895117986738,0.30184100537319775
1047,2.2969999999998847,0.10403624890087868,0.3018729762427892
1048,2.2979999999998846,0.10124028202310337,0.3076630893039062
1049,2.2989999999998845,0.10178346697766133,0.31386860097458325
1050,2.2999999999998844,0.10323530720722518,0.31392968105017793
1051,2.3009999999998842,0.1099391768421068,0.31770817414380287
1052,2.301999999999884,0.10193449314436091,0.31879329075567303
1053,2.302999999999884,0.101828915377196,0.321744514487599
1054,2.303999999999884,0.10255237801296227,0.3225658236220231
1055,2.304999999999884,0.10369892080559105,0.31971214842569956
1056,2.3059999999998837,0.09983487531283702,0.33286955542810587
1057,2.3069999999998836,0.09994023957005507,0.3330225780503045
1058,2.3079999999998835,0.09716212265133821,0.34561977191862414
1059,2.3089999999998834,0.10437156837590095,0.3370811032423579
1060,2.3099999999998833,0.10273698983636687,0.3468232966665754
1061,2.310999999999883,0.10198910806192148,0.3454123440306642
1062,2.311999999999883,0.10265480166421193,0.36213038244160795
1063,2.312999999999883,0.10328379144882122,0.36569776932543363
1064,2.313999999999883,0.10300991094917558,0.37116963314944856
1065,2.3149999999998827,0.10391115538679233,0.36811457192256414
1066,2.3159999999998826,0.10195228209409958,0.37678346382369776
1067,2.3169999999998825,0.10111338204416906,0.38255342553585125
1068,2.3179999999998824,0.10743670248628136,0.3897024529887994
1069,2.3189999999998823,0.10228323848919549,0.38780220934073645
1070,2.319999999999882,0.10457411436704889,0.3909347463238605
1071,2.320999999999882,0.10595710307606229,0.41236374770899126
1072,2.321999999999882,0.10211295356531717,0.4142459954087779
1073,2.322999999999882,0.10395991004693383,0.4146049518313513
1074,2.3239999999998817,0.10125285837067402,0.42762147486120433
1075,2.3249999999998816,0.10200272229996371,0.42401847954991884
1076,2.3259999999998815,0.10415012369019751,0.4425959320782437
1077,2.3269999999998814,0.10399335956510258,0.4342945264213489
1078,2.3279999999998813,0.10470533152219855,0.4570938066624443
1079,2.328999999999881,0.10332500710525243,0.44605812931300587
1080,2.329999999999881,0.10461464832227625,0.4671492029433698
1081,2.330999999999881,0.10289788369446458,0.48538220736306564
1082,2.331999999999881,0.10247313878877685,0.49014700969479263
1083,2.3329999999998807,0.10837114481535084,0.4906201905527498
1084,2.3339999999998806,0.10275463985745294,0.49102120452254
1085,2.3349999999998805,0.10085343917557849,0.5076248366317998
1086,2.3359999999998804,0.11058887537240135,0.5155523353485942
1087,2.3369999999998803,0.10401432076185235,0.53713705003121
1088,2.33799999999988,0.14149309923862224,0.5953616166763994
1089,2.33899999999988,0.09999963547751091,0.5528665045846098
1090,2.33999999999988,0.10369342449478938,0.5438635051785576
1091,2.34099999999988,0.10061278194188444,0.5680911850489515
1092,2.3419999999998797,0.10093663212880546,0.5999023592730328
1093,2.3429999999998796,0.10433711035878564,0.601369650710371
1094,2.3439999999998795,0.1166798848136534,0.6287810342178436
1095,2.3449999999998794,0.10164180039623621,0.6531914950746014
1096,2.3459999999998793,0.10297531176533908,0.6605028266541323
1097,2.346999999999879,0.11279450287553984,0.7044301732054619
1098,2.347999999999879,0.10388753006417514,0.6983871817186055
1099,2.348999999999879,0.10618063492105284,0.7006326198356376
1100,2.349999999999879,0.10194307034693759,0.7363939897254763
1101,2.3509999999998787,0.11365296142445337,0.913285418549662
1102,2.3519999999998786,0.10589175216338656,0.7887455151754575
1103,2.3529999999998785,0.11076723837503737,1.0080187355851578
1104,2.3539999999998784,0.10276899717402914,0.8641854334391519
1105,2.3549999999998783,0.10484929541043701,0.8682200226050076
1106,2.355999999999878,0.10762298588722156,0.8775985895855556
1107,2.356999999999878,0.10656932613398538,0.9332924167176638
1108,2.357999999999878,0.09935542279335988,1.0030323863369546
1109,2.358999999999878,0.1019504525167664,1.0155165117278133
1110,2.3599999999998778,0.10677284685349465,1.0950854391015263
1111,2.3609999999998776,0.10656829296789208,1.0682607027410271
1112,2.3619999999998775,0.10342811841610139,1.158182811815456
1113,2.3629999999998774,0.1074343031750374,1.2606426608541397
1114,2.3639999999998773,0.10215150957636011,1.3168494780092854
1115,2.364999999999877,0.10168352874020496,1.4005087952778568
1116,2.365999999999877,0.1207090699088189,1.4889836868181134
1117,2.366999999999877,0.10748333975859162,1.4912475914731145
1118,2.367999999999877,0.10994011941941029,1.469618452651619
1119,2.3689999999998768,0.10496496606859114,1.5920143126485533
1120,2.3699999999998766,0.10818954999174143,1.702354385983611
1121,2.3709999999998765,0.10644560316550394,1.710203501406155
1122,2.3719999999998764,0.10991796671587566,1.7473171331625725
1123,2.3729999999998763,0.10400511728659956,1.6450728975392133
1124,2.373999999999876,0.10589951958709692,1.755532505350429
1125,2.374999999999876,0.128814350626868,0.9194897012210097
1126,2.375999999999876,0.10389170696332196,1.686199188989185
1127,2.376999999999876,0.16115570679966257,1.34462154134524
1128,2.3779999999998758,0.09925974767016045,1.4611945357768334
1129,2.3789999999998757,0.09823044815561896,1.4966117727768828
1130,2.3799999999998755,0.10581885740399233,1.5265005972722883
1131,2.3809999999998754,0.10230001714334039,1.3805547311950324
1132,2.3819999999998753,0.09737625982841913,1.215696045476199
1133,2.382999999999875,0.0992943891881675,1.2870466990010445
1134,2.383999999999875,0.10255784706322169,1.1113705013391761
1135,2.384999999999875,0.10144657729120879,1.0596031310778031
1136,2.385999999999875,0.0989195402325512,1.0012480695566324
1137,2.3869999999998748,0.09648570590240056,0.9191034135982358
1138,2.3879999999998747,0.09640436905898853,0.9337858619698852
1139,2.3889999999998746,0.09823920371571095,0.8769699971923975
1140,2.3899999999998744,0.09563890550066902,0.861500086207236
1141,2.3909999999998743,0.10079183475273204,0.8047324796341653
1142,2.3919999999998742,0.10289345243779811,0.778014009218358
1143,2.392999999999874,0.09745315693364277,0.7194457557686702
1144,2.393999999999874,0.09622718096602213,0.7223129537497146
1145,2.394999999999874,0.09937899155021855,0.681805342358103
1146,2.395999999999874,0.09792351035549095,0.6279161761808698
1147,2.3969999999998737,0.09686388891195444,0.6241447062321419
1148,2.3979999999998736,0.09648001348125793,0.5839632611454717
1149,2.3989999999998735,0.10037916157863594,0.5854620170439834
1150,2.3999999999998733,0.09660238025035076,0.5414668609944131
1151,2.4009999999998732,0.1077793021402035,0.4751847416978144
1152,2.401999999999873,0.09664313474287728,0.5090898633256923
1153,2.402999999999873,0.09813102307731071,0.47743486089315285
1154,2.403999999999873,0.09869625740764039,0.48648537429807287
1155,2.404999999999873,0.10055285935196326,0.4565053929183855
1156,2.4059999999998727,0.09955963877161658,0.4635719516397645
1157,2.4069999999998726,0.1008034004967386,0.4402393305803053
1158,2.4079999999998725,0.09661364307897533,0.3788620835168881
1159,2.4089999999998724,0.0946070292420579,0.39434795741765216
1160,2.4099999999998722,0.09975700941205158,0.3942356438528636
1161,2.410999999999872,0.09778151058514035,0.37946004164249664
1162,2.411999999999872,0.11696272147067426,0.4735828133036498
1163,2.412999999999872,0.10005261369846805,0.3503799708174281
1164,2.413999999999872,0.11909314920018829,0.3456548571903523
1165,2.4149999999998717,0.097993236803036,0.31655350547130884
1166,2.4159999999998716,0.09542867482014018,0.3233844698861002
1167,2.4169999999998715,0.09620564064536531,0.3043809462938003
1168,2.4179999999998714,0.09875230908174855,0.31767859635917023
1169,2.4189999999998713,0.09603438506985518,0.29707798099607713
1170,2.419999999999871,0.1017657376185796,0.2866871545514469
1171,2.420999999999871,0.09770597228102729,0.2856469929053835
1172,2.421999999999871,0.09860739121723415,0.2732804128851081
1173,2.422999999999871,0.09960126405673557,0.27211547369619865
1174,2.4239999999998707,0.10561179350453268,0.2654229519435529
1175,2.4249999999998706,0.10105760170223972,0.2572242367924155
1176,2.4259999999998705,0.09546131430207094,0.24394636763660293
1177,2.4269999999998704,0.09449072876849905,0.23089135151332404
1178,2.4279999999998703,0.10232385709367013,0.2373535739052903
1179,2.42899999999987,0.10086341824754143,0.24105437819189565
1180,2.42999999999987,0.09607144354248684,0.2212820174786306
1181,2.43099999999987,0.09448370972026708,0.2133896119331024
1182,2.43199999999987,0.10200110951403578,0.20361455818115642
1183,2.4329999999998697,0.10373149295983615,0.21767886385712512
1184,2.4339999999998696,0.11039947719759374,0.23377378650700048
1185,2.4349999999998695,0.09553439712269471,0.19862855086906536
1186,2.4359999999998694,0.13550781200289796,0.2646092556830271
1187,2.4369999999998693,0.09441733199915908,0.1811837392046861
1188,2.437999999999869,0.09992897576311081,0.18325778037363696
1189,2.438999999999869,0.10275629124002927,0.19323104701430374
1190,2.439999999999869,0.09994148382529112,0.17907287269939415
1191,2.440999999999869,0.10103720657814616,0.18269180630788004
1192,2.4419999999998687,0.09731483682647313,0.17133103418488807
1193,2.4429999999998686,0.10264630917323157,0.172510492522164
1194,2.4439999999998685,0.09944134097850947,0.16310344937809912
1195,2.4449999999998684,0.10092995868167205,0.16772059756128588
1196,2.4459999999998683,0.10022570130444015,0.15914515536789647
1197,2.446999999999868,0.10005499582896077,0.14970568068659942
1198,2.447999999999868,0.09782309799710456,0.15302746546063592
1199,2.448999999999868,0.09786032624577971,0.14314621382472412
1200,2.449999999999868,0.10550164507900255,0.14885313818136642
1201,2.4509999999998677,0.10070300415275787,0.1368901464961637
1202,2.4519999999998676,0.09336352175181607,0.1416025196232489
1203,2.4529999999998675,0.10605852259630627,0.14203372114484253
1204,2.4539999999998674,0.09751130472022,0.12323542375721423
1205,2.4549999999998673,0.0936080650799603,0.12253241954736459
1206,2.455999999999867,0.09678945455324375,0.11732954748916367
1207,2.456999999999867,0.0893701376853198,0.11890230876846114
1208,2.457999999999867,0.08983129268986888,0.12069471686313898
1209,2.458999999999867,0.10659182236154975,0.13392598108674839
1210,2.4599999999998667,0.1042581218222775,0.11259346094618236
1211,2.4609999999998666,0.10609973473635848,0.128859598158949
1212,2.4619999999998665,0.09042201107046534,0.10525356152646184
1213,2.4629999999998664,0.09378467678057863,0.10612137746192239
1214,2.4639999999998663,0.09903836974572999,0.11127223434260826
1215,2.464999999999866,0.09242334211759289,0.10996423851297409
1216,2.465999999999866,0.20314232164332566,0.25331979070634525
1217,2.466999999999866,0.10102751392592298,0.10184226368225145
1218,2.467999999999866,0.15652481018147243,0.13711844397269823
1219,2.4689999999998657,0.09760021333959984,0.10163281932780749
1220,2.4699999999998656,0.10077641169594315,0.10014011017090722
1221,2.4709999999998655,0.10341228688118266,0.09498415315891093
1222,2.4719999999998654,0.10286244088890739,0.09545608459954187
1223,2.4729999999998653,0.10580710535439967,0.10025824023086881
1224,2.473999999999865,0.15365817603152865,0.10475537899444379
1225,2.474999999999865,0.09839330043008666,0.08483314363655955
1226,2.475999999999865,0.09037208754743599,0.08853488914134842
1227,2.476999999999865,0.11381154627693481,0.10162353750534338
1228,2.4779999999998648,0.10724580786559414,0.07177090563187007
1229,2.4789999999998646,0.07990816048840707,0.0716044555692238
1230,2.4799999999998645,0.0729079472536103,0.0656002545060337
1231,2.4809999999998644,0.08905912005960986,0.09075177891344495
1232,2.4819999999998643,0.07796958054151613,0.08038878383151281
1233,2.482999999999864,0.07370443010318041,0.047606235403159856
1234,2.483999999999864,0.08769237421863979,0.09167659341991302
1235,2.484999999999864,0.0497987657495698,0.06077806495446485
1236,2.485999999999864,0.10164863100139081,0.09697354392039365
1237,2.4869999999998638,0.1473764401204619,0.10686159909619314
1238,2.4879999999998637,0.12512849344369859,0.05838233428502832
1239,2.4889999999998635,0.06645684325274309,0.030886262249127657
1240,2.4899999999998634,0.07225624847275,0.03207511786094596
1241,2.4909999999998633,0.136804323755267,0.09402473775188454
1242,2.491999999999863,0.2077323382909778,0.12944036620250293
1243,2.492999999999863,0.07685818695185682,0.01708964489933196
1244,2.493999999999863,0.15365137290091835,0.07922192167021865
1245,2.494999999999863,0.1316533951964826,0.051049421185765345
1246,2.4959999999998628,0.14508908681733473,0.06790625822632182
1247,2.4969999999998627,0.08555594044417579,0.024452917760374292
1248,2.4979999999998626,0.11891110922796717,0.08473901935827409
1249,2.4989999999998624,0.1113505870147914,0.029579201581220176
1250,2.4999999999998623,0.12375975812260996,0.08087563112695774
