,f_kHz,A_ch1,A_ch2
0,1.25,0.10266136298890866,0.13376162768575764
1,1.251,0.09029694967631306,0.0802977441993681
2,1.2519999999999998,0.08461498151395144,0.08895532887956821
3,1.2529999999999997,0.08445942612400664,0.0798549770381087
4,1.2539999999999996,0.09331633796635899,0.08212941811536344
5,1.2549999999999994,0.0935817695050897,0.09493983494857372
6,1.2559999999999993,0.09088170543879133,0.0916042000122974
7,1.2569999999999992,0.11066754735302109,0.09793668481996722
8,1.2579999999999991,0.0969544466923099,0.09476071400518479
9,1.258999999999999,0.10139865811449862,0.08865439350828326
10,1.259999999999999,0.08483391671680497,0.08747391234213145
11,1.2609999999999988,0.10187581843101472,0.09443862835547899
12,1.2619999999999987,0.10329090222928841,0.0937297936018081
13,1.2629999999999986,0.08605918869365718,0.09232165000934867
14,1.2639999999999985,0.09588000973053672,0.09276578597749206
15,1.2649999999999983,0.09605418373288754,0.09293821194084571
16,1.2659999999999982,0.10194429015713238,0.0971442234588009
17,1.2669999999999981,0.09666361274906715,0.09420993445520746
18,1.267999999999998,0.1015736731232513,0.0956445248827484
19,1.268999999999998,0.10492764139887438,0.09719558883988279
20,1.2699999999999978,0.10599537285052438,0.09552120469675202
21,1.2709999999999977,0.10568589739923584,0.10032708842777657
22,1.2719999999999976,0.13860687945583663,0.1128132808439345
23,1.2729999999999975,0.10424609441977205,0.09866051377454318
24,1.2739999999999974,0.10246348083506682,0.09893697561778489
25,1.2749999999999972,0.10897873278170149,0.10119934093116711
26,1.2759999999999971,0.09930316833859482,0.10042808534323883
27,1.276999999999997,0.10738817534276993,0.10132326969651047
28,1.277999999999997,0.10771845994120872,0.1028534892789268
29,1.2789999999999968,0.10558235330878199,0.10346764095207127
30,1.2799999999999967,0.1124908244540737,0.10510745640476699
31,1.2809999999999966,0.10893727804733917,0.10338521871986912
32,1.2819999999999965,0.11790522805424918,0.10814570668895075
33,1.2829999999999964,0.1203985437097407,0.10683550215235842
34,1.2839999999999963,0.11935689833567208,0.10948763429552628
35,1.2849999999999961,0.11577501549479147,0.10989432992291712
36,1.285999999999996,0.11430007930851618,0.10803207551821654
37,1.286999999999996,0.11632225396150168,0.11005320130263437
38,1.2879999999999958,0.1265346883641586,0.1135529784730306
39,1.2889999999999957,0.10790829034807496,0.10852002805246817
40,1.2899999999999956,0.11799015390390664,0.11147112315681136
41,1.2909999999999955,0.12351834287725903,0.11290224810832045
42,1.2919999999999954,0.1258067930625212,0.11326747415612821
43,1.2929999999999953,0.1204301594000225,0.11353785810775009
44,1.2939999999999952,0.12379530775041812,0.11525093922615234
45,1.294999999999995,0.13160678962462896,0.11825952759762433
46,1.295999999999995,0.12397285073742027,0.11441963343444443
47,1.2969999999999948,0.1260536084274656,0.1176099945279967
48,1.2979999999999947,0.13787577873789994,0.12067796810959988
49,1.2989999999999946,0.1274610198980428,0.11903775257761177
50,1.2999999999999945,0.1334495439188593,0.12064189671400061
51,1.3009999999999944,0.13758987656661653,0.1228023673282868
52,1.3019999999999943,0.1420384034154286,0.12350749642266619
53,1.3029999999999942,0.13794007201472205,0.12324607428514212
54,1.303999999999994,0.14610797059523395,0.12538167129951064
55,1.304999999999994,0.144407406924384,0.12620284464527898
56,1.3059999999999938,0.1550853166391809,0.1293435105238976
57,1.3069999999999937,0.23748439013438827,0.16592620264678956
58,1.3079999999999936,0.15303285879773956,0.1288687683552429
59,1.3089999999999935,0.15306125425565678,0.12860441098418457
60,1.3099999999999934,0.1582904916251038,0.13096426022529742
61,1.3109999999999933,0.16473693152640698,0.1326855414617267
62,1.3119999999999932,0.16195640168344871,0.13260736550708582
63,1.312999999999993,0.1698347946140217,0.13607364002416608
64,1.313999999999993,0.19451502774064153,0.13573406042220895
65,1.3149999999999928,0.17749697325756375,0.13753873877308306
66,1.3159999999999927,0.17838263268429555,0.1373135841204499
67,1.3169999999999926,0.1912014889153268,0.14080310774918978
68,1.3179999999999925,0.19518980893238055,0.14491465263202447
69,1.3189999999999924,0.20229231219767235,0.1430673959882775
70,1.3199999999999923,0.19783685433465698,0.14328900755917764
71,1.3209999999999922,0.2126724846212204,0.14875574330384359
72,1.321999999999992,0.21871088353958001,0.14735554574068543
73,1.322999999999992,0.23320269581830486,0.15038550143712676
74,1.3239999999999919,0.23936027888233458,0.15302335874908107
75,1.3249999999999917,0.2559996176316962,0.1536466565693866
76,1.3259999999999916,0.25794948302044396,0.15564381652177597
77,1.3269999999999915,0.277833356139928,0.1580172014640645
78,1.3279999999999914,0.2765000640779598,0.15667132605689024
79,1.3289999999999913,0.30033827854912487,0.16003339396415375
80,1.3299999999999912,0.3346006051237343,0.16449786136545777
81,1.330999999999991,0.33163088317430206,0.1634514493567619
82,1.331999999999991,0.3360788785506906,0.168940253735105
83,1.3329999999999909,0.36811285819595413,0.16863687164413077
84,1.3339999999999907,0.403836770610609,0.1703960939649095
85,1.3349999999999906,0.41113105325611615,0.17132396286382495
86,1.3359999999999905,0.5767564749659733,0.17225504796191174
87,1.3369999999999904,0.5383405324232725,0.17905533227469494
88,1.3379999999999903,0.5360421236978893,0.17984883678030986
89,1.3389999999999902,0.612385433266816,0.1824891332050059
90,1.33999999999999,0.6196261572564072,0.18215911641420618
91,1.34099999999999,0.7397411877863577,0.18556788469666044
92,1.3419999999999899,0.7198845722878321,0.18442551678076902
93,1.3429999999999898,0.8576896274521318,0.19060922546327402
94,1.3439999999999896,0.8309209039028829,0.1899076120268229
95,1.3449999999999895,0.9237266477504061,0.19312079524118947
96,1.3459999999999894,0.9302746951959916,0.20107138519933807
97,1.3469999999999893,0.9343458423082595,0.20092585581182767
98,1.3479999999999892,0.8812414643438364,0.21114504583103472
99,1.348999999999989,0.8818188734879415,0.21119595592040144
100,1.349999999999989,0.7777944463568854,0.21970617409904689
101,1.3509999999999889,0.7804591438940881,0.2204200662234381
102,1.3519999999999888,0.6683767003154856,0.22932942282138258
103,1.3529999999999887,0.5799280879847775,0.23824043850089688
104,1.3539999999999885,0.5797873289530315,0.2392048468275556
105,1.3549999999999884,0.5066643745200523,0.24876973483096543
106,1.3559999999999883,0.5050724317852642,0.24857044284009328
107,1.3569999999999882,0.44477559928840954,0.25949027659837653
108,1.357999999999988,0.44393056197623343,0.25883455586376924
109,1.358999999999988,0.39770889176779983,0.27081866080981476
110,1.3599999999999879,0.3568536273740288,0.28129323166414405
111,1.3609999999999878,0.35648049933212866,0.2820707910071591
112,1.3619999999999877,0.3274423804240757,0.2978348487329356
113,1.3629999999999876,0.3336799404155114,0.29632771119425233
114,1.3639999999999874,0.3017604153937653,0.3106699713908442
115,1.3649999999999873,0.27585219634631936,0.32409862534165756
116,1.3659999999999872,0.2730472851005455,0.32286755314133214
117,1.3669999999999871,0.28780689153791617,0.334533713793528
118,1.367999999999987,0.2590589512136689,0.34317781929799984
119,1.368999999999987,0.21713930698954007,0.3800677265782209
120,1.3699999999999868,0.24388723070999854,0.35698372728485744
121,1.3709999999999867,0.30175817036262603,0.3448390307634633
122,1.3719999999999866,0.2303549557404721,0.38032853787821413
123,1.3729999999999865,0.21665824553536486,0.3998559926018275
124,1.3739999999999863,0.20336078986240386,0.425035147205891
125,1.3749999999999862,0.20185812059864391,0.4253879753782384
126,1.3759999999999861,0.19668504077305263,0.4521214161729034
127,1.376999999999986,0.2022349307415983,0.4535423459684251
128,1.377999999999986,0.18277554569442483,0.4837161314228858
129,1.3789999999999858,0.19691093646959984,0.48267137835528917
130,1.3799999999999857,0.18187241328711268,0.5207733271155993
131,1.3809999999999856,0.17012266118325609,0.5603086447140596
132,1.3819999999999855,0.1758974503648586,0.5614393542594347
133,1.3829999999999854,0.16446499194131886,0.6068765989087713
134,1.3839999999999852,0.1681108819216534,0.606562157876285
135,1.3849999999999851,0.17259361680747798,0.6623354210350931
136,1.385999999999985,0.16271799927854802,0.6612620405908284
137,1.386999999999985,0.15801604073998493,0.723045843647315
138,1.3879999999999848,0.1543172081920069,0.7904885538933017
139,1.3889999999999847,0.15404927537120502,0.7938888520849603
140,1.3899999999999846,0.15135299291584797,0.877782216229587
141,1.3909999999999845,0.14467624734818818,0.876875890823581
142,1.3919999999999844,0.15120291621412105,0.9638361621099452
143,1.3929999999999843,0.1421875217140433,1.0389771658613758
144,1.3939999999999841,0.14367848693227858,1.0709856873978605
145,1.394999999999984,0.1405863646159304,1.0651162623931447
146,1.395999999999984,0.13984776377813116,1.1746470186666078
147,1.3969999999999838,0.13526512811981375,1.2647276690894291
148,1.3979999999999837,0.13848327854129736,1.2681668410269664
149,1.3989999999999836,0.1385011990941007,1.3363983357337563
150,1.3999999999999835,0.12484842701854136,1.3333323089149645
151,1.4009999999999834,0.12065230013891735,1.3547406427452884
152,1.4019999999999833,0.1336402866195805,1.3553801323707821
153,1.4029999999999831,0.1182046946360841,1.3219467245251209
154,1.403999999999983,0.11607299206855833,1.2247018803893204
155,1.404999999999983,0.10757074971383028,1.2474102120634878
156,1.4059999999999828,0.11546395276125128,1.0200498889737928
157,1.4069999999999827,0.11263316353107364,1.1506645125570534
158,1.4079999999999826,0.11089466678960472,1.0473597000761978
159,1.4089999999999825,0.11854124071057232,0.9481162561952101
160,1.4099999999999824,0.10496955667868252,0.9522404785179313
161,1.4109999999999823,0.10371291010053615,0.8591887224136248
162,1.4119999999999822,0.10170217672815315,0.8653625375532237
163,1.412999999999982,0.10444382375559266,0.7829480337942762
164,1.413999999999982,0.10313307071418344,0.7840358318778258
165,1.4149999999999818,0.09708983814747081,0.713631340250748
166,1.4159999999999817,0.10064093439238797,0.6567469695999322
167,1.4169999999999816,0.10721440003392768,0.660848959442146
168,1.4179999999999815,0.08850575183283742,0.6087903453769504
169,1.4189999999999814,0.10863855638834355,0.6106270170221275
170,1.4199999999999813,0.0991343761204161,0.5631394392828742
171,1.4209999999999812,0.16058965737125158,0.7455287002022394
172,1.421999999999981,0.0955104221387525,0.5253706243760976
173,1.422999999999981,0.09311380124804551,0.4925855731451876
174,1.4239999999999808,0.10639673355691234,0.49246033341771994
175,1.4249999999999807,0.09864853854695407,0.46216673262751407
176,1.4259999999999806,0.0937703805053663,0.4619124286581269
177,1.4269999999999805,0.09601398871841732,0.4355858720903359
178,1.4279999999999804,0.08746886509025208,0.4336771873422733
179,1.4289999999999803,0.08918523459462188,0.41149148967620003
180,1.4299999999999802,0.09873909939275684,0.4114739185890394
181,1.43099999999998,0.09396098408909934,0.3894805336569129
182,1.43199999999998,0.08792662999953275,0.37149127207203403
183,1.4329999999999798,0.09147079493134944,0.3709345619463279
184,1.4339999999999797,0.09235532930048859,0.3551991621920763
185,1.4349999999999796,0.08787900336494657,0.33664112579283223
186,1.4359999999999795,0.08401972734617645,0.3365378949581284
187,1.4369999999999794,0.08655207340795874,0.3217073653073118
188,1.4379999999999793,0.08933731719369818,0.322846186117494
189,1.4389999999999792,0.09242683183944382,0.32104836192763886
190,1.439999999999979,0.08784446085736998,0.30902439243898844
191,1.440999999999979,0.09030251546348016,0.29322922018523967
192,1.4419999999999789,0.09498689636399456,0.2976373743723229
193,1.4429999999999787,0.08153240763717728,0.2874679599310382
194,1.4439999999999786,0.0862982981536439,0.27729665578754326
195,1.4449999999999785,0.0951817051563123,0.2767524206689137
196,1.4459999999999784,0.09394234376113539,0.2669934777592675
197,1.4469999999999783,0.08070633922605622,0.2659201146971836
198,1.4479999999999782,0.09027370737294271,0.25816420589405353
199,1.448999999999978,0.07785426535792234,0.257761023377609
200,1.449999999999978,0.09183852916815705,0.24474109986881087
201,1.4509999999999779,0.08762991357603941,0.24141627132321142
202,1.4519999999999778,0.08981791028974725,0.2421701548828194
203,1.4529999999999776,0.07897458808785826,0.2334609420222138
204,1.4539999999999775,0.08756229005884189,0.23451312013146614
205,1.4549999999999774,0.08681596951395877,0.22779796832929877
206,1.4559999999999773,0.07858613804575117,0.22710661306822208
207,1.4569999999999772,0.08026399411955507,0.2222555851815412
208,1.457999999999977,0.08786662092887167,0.21503305710049136
209,1.458999999999977,0.07879257977791797,0.2142338596400912
210,1.4599999999999769,0.0845005186051515,0.2086436180982731
211,1.4609999999999768,0.09573235403355027,0.21101270317023588
212,1.4619999999999767,0.09227701960107083,0.20510396711055706
213,1.4629999999999765,0.09850024618300122,0.2062318918093092
214,1.4639999999999764,0.0771218633727858,0.19803141406202196
215,1.4649999999999763,0.08747415176915957,0.22815788206466087
216,1.4659999999999762,0.08678879513455054,0.19580500983524896
217,1.466999999999976,0.07441992037598014,0.18859233692926503
218,1.467999999999976,0.08189099063427079,0.18939427415785082
219,1.4689999999999759,0.07888017156071749,0.18541409344946974
220,1.4699999999999758,0.08517294494099949,0.18183914678185542
221,1.4709999999999757,0.08326043141129814,0.18038319879412887
222,1.4719999999999756,0.08434266345469375,0.1810403379026885
223,1.4729999999999754,0.07734279957277146,0.1760385211655708
224,1.4739999999999753,0.11233577165078927,0.19984869843169675
225,1.4749999999999752,0.07891103798867469,0.1731972576355658
226,1.475999999999975,0.09716425569406655,0.1711844431113412
227,1.476999999999975,0.07297960062737495,0.16831976422529676
228,1.477999999999975,0.08065913857038982,0.1690353322458254
229,1.4789999999999748,0.08543643120123355,0.1664972911731199
230,1.4799999999999747,0.07674741305741395,0.16331542309546104
231,1.4809999999999746,0.087280839538655,0.1579057411179511
232,1.4819999999999744,0.07764220917048474,0.16004884972399033
233,1.4829999999999743,0.08623575907194102,0.1572943371109536
234,1.4839999999999742,0.07058609102054357,0.1567864490764321
235,1.4849999999999741,0.0844678915832044,0.161685561492311
236,1.485999999999974,0.10415788419466666,0.15587255259534677
237,1.486999999999974,0.07851755546014567,0.1504535961843305
238,1.4879999999999738,0.07421047845825016,0.14906051578794507
239,1.4889999999999737,0.07987023567142151,0.14792172831430878
240,1.4899999999999736,0.08361141789706575,0.1483963763154075
241,1.4909999999999735,0.08689285035560892,0.14878347489932214
242,1.4919999999999733,0.06951134275046343,0.14226124211477212
243,1.4929999999999732,0.09085148415275929,0.14461718112260588
244,1.4939999999999731,0.07614868125906439,0.1414542312571582
245,1.494999999999973,0.07824611706536509,0.13885295494179825
246,1.495999999999973,0.07275006141402363,0.1387141044356017
247,1.4969999999999728,0.06917856652460591,0.13685124720547764
248,1.4979999999999727,0.1447276660799999,0.1805962712975643
249,1.4989999999999726,0.0796154667741089,0.1352470981505487
250,1.4999999999999725,0.07068682176154333,0.1342158015357198
251,1.5009999999999724,0.0710832881051623,0.1328955278611021
252,1.5019999999999722,0.08905551291619325,0.13549435554621178
253,1.5029999999999721,0.08237453580469302,0.13235393172275706
254,1.503999999999972,0.07140408635804135,0.12946727104276692
255,1.504999999999972,0.08098235971230729,0.12943804379638255
256,1.5059999999999718,0.0754154657438349,0.12786850764426744
257,1.5069999999999717,0.12111509310534513,0.1573913877857534
258,1.5079999999999716,0.07998206134910042,0.12661777387454576
259,1.5089999999999715,0.07985198837601742,0.12779227210187474
260,1.5099999999999714,0.0775093460175912,0.12488278149441615
261,1.5109999999999713,0.07027072011508272,0.12246235319311645
262,1.5119999999999711,0.09042109423934264,0.12551181620480922
263,1.512999999999971,0.06800560752929641,0.12131327579621987
264,1.513999999999971,0.07013438299903912,0.12022400756931885
265,1.5149999999999708,0.06859036413271535,0.11799654824940202
266,1.5159999999999707,0.07733476014283076,0.12053142474122351
267,1.5169999999999706,0.08415855072510126,0.11862304915323618
268,1.5179999999999705,0.06405816289112083,0.11458317688473427
269,1.5189999999999704,0.07964539769530941,0.11612679220098503
270,1.5199999999999703,0.07828128767360774,0.1156666761039791
271,1.5209999999999702,0.061935248292281954,0.11293083271253501
272,1.52199999999997,0.07747457735275198,0.11358761649020307
273,1.52299999999997,0.08835763293967897,0.11533658820001974
274,1.5239999999999698,0.06405078172906799,0.11214328557157645
275,1.5249999999999697,0.08225808911519018,0.11192206874237248
276,1.5259999999999696,0.06491227408526125,0.11058895502971876
277,1.5269999999999695,0.0790811285258316,0.10923936026504498
278,1.5279999999999694,0.06354173484566646,0.11013793939250664
279,1.5289999999999693,0.08248050076235919,0.1103401880567463
280,1.5299999999999692,0.07699087832391154,0.10918671843793012
281,1.530999999999969,0.0747307640616622,0.1082681349895849
282,1.531999999999969,0.06540202114385942,0.10848181316592463
283,1.5329999999999688,0.06990174576444912,0.1072621973702509
284,1.5339999999999687,0.06709459980018245,0.10527649367602387
285,1.5349999999999686,0.07861171544806653,0.10581048462015624
286,1.5359999999999685,0.07607892296760888,0.10583252477248982
287,1.5369999999999684,0.08010956241639723,0.10646902299875373
288,1.5379999999999683,0.07405027948881945,0.10503369847767703
289,1.5389999999999682,0.06923499781656835,0.10454330560848195
290,1.539999999999968,0.08278969671128902,0.10490018344784678
291,1.540999999999968,0.07832580341433364,0.10292684568988582
292,1.5419999999999678,0.06918845234390292,0.10114136159268257
293,1.5429999999999677,0.05813310831385887,0.0990974617232326
294,1.5439999999999676,0.07753100168621206,0.10192257747204791
295,1.5449999999999675,0.07021502898884446,0.09912655011888664
296,1.5459999999999674,0.07367604150720111,0.10054769411570066
297,1.5469999999999673,0.07200837790475388,0.09926468517531896
298,1.5479999999999672,0.08075696094264485,0.10101696595038837
299,1.548999999999967,0.07401962609028136,0.09964168038232768
300,1.549999999999967,0.061780288578724814,0.0968532805690588
301,1.5509999999999668,0.07078812281652617,0.09759846282144434
302,1.5519999999999667,0.0860261289221706,0.09905782239431457
303,1.5529999999999666,0.07746748797945316,0.10027850296825419
304,1.5539999999999665,0.07244382544447255,0.09641497818757304
305,1.5549999999999664,0.08670517420845543,0.10982614655455634
306,1.5559999999999663,0.07681098253721513,0.09757605006079859
307,1.5569999999999662,0.07003354202158361,0.09431686374802893
308,1.557999999999966,0.0762578958722298,0.09513485498164574
309,1.558999999999966,0.07346278617453227,0.09400730344525704
310,1.5599999999999659,0.07579487290859012,0.09401453941951794
311,1.5609999999999657,0.07704108307510649,0.09527477906025886
312,1.5619999999999656,0.07001504368821339,0.09326970268227627
313,1.5629999999999655,0.08000069995667017,0.09442198405980087
314,1.5639999999999654,0.06997205318465843,0.09245729689127359
315,1.5649999999999653,0.0670952755090593,0.09256329718466015
316,1.5659999999999652,0.0674612626232928,0.09010260192542824
317,1.566999999999965,0.06410140143813267,0.08895352266165964
318,1.567999999999965,0.07080898029539612,0.09187031798671409
319,1.5689999999999649,0.07375420240222168,0.0918528133155077
320,1.5699999999999648,0.06284841134941824,0.08786007426884887
321,1.5709999999999646,0.07297647669363111,0.09064398900361109
322,1.5719999999999645,0.07681840229476286,0.09119046018705433
323,1.5729999999999644,0.0659662089018955,0.08943064804466758
324,1.5739999999999643,0.0785656965081899,0.09068321964311776
325,1.5749999999999642,0.07495885189152533,0.08910481195751838
326,1.575999999999964,0.07690362752290576,0.09022896242609463
327,1.576999999999964,0.0650973534592719,0.08814406902480457
328,1.5779999999999639,0.0738034848082396,0.08850666778878225
329,1.5789999999999638,0.07563212121200259,0.08890060167724594
330,1.5799999999999637,0.07082542409821647,0.08721660570641784
331,1.5809999999999635,0.06832316785228053,0.08583276673435487
332,1.5819999999999634,0.06918948203551592,0.08726408904746401
333,1.5829999999999633,0.06534243826767086,0.08698560789348211
334,1.5839999999999632,0.06709359587728517,0.08496843903347431
335,1.584999999999963,0.0790465759886829,0.08998644640228173
336,1.585999999999963,0.07157440746269368,0.08770656402525644
337,1.5869999999999629,0.07188602316330595,0.0891121406675406
338,1.5879999999999628,0.07803300097448375,0.09012675818879592
339,1.5889999999999627,0.0723028613827289,0.08985952858388804
340,1.5899999999999626,0.06365782638551219,0.08970377775805487
341,1.5909999999999624,0.06830953503669349,0.0896687572304563
342,1.5919999999999623,0.07455019264547286,0.08902112886501218
343,1.5929999999999622,0.07541713179315367,0.08577840379104473
344,1.5939999999999621,0.06410400815996353,0.08546613127139364
345,1.594999999999962,0.07131150787181191,0.08448855150335378
346,1.595999999999962,0.0869893956461703,0.08815825356605586
347,1.5969999999999618,0.07296895030405216,0.08467881305196368
348,1.5979999999999617,0.07419000109487203,0.08351014094440394
349,1.5989999999999616,0.06170442618393181,0.0830414871905661
350,1.5999999999999615,0.0724527472707353,0.08450173961794663
351,1.6009999999999613,0.06909266144402637,0.08298552993456776
352,1.6019999999999612,0.06030420689971242,0.08212176603989958
353,1.6029999999999611,0.064739392101332,0.0812608276640491
354,1.603999999999961,0.08321411910539118,0.08481000049377231
355,1.604999999999961,0.06506391557141994,0.08127484244144259
356,1.6059999999999608,0.057600913288904335,0.08086696312750084
357,1.6069999999999607,0.07402067607412571,0.08214424691243523
358,1.6079999999999606,0.073376530234503,0.08265635892744706
359,1.6089999999999605,0.057050837439718706,0.08047532502127698
360,1.6099999999999604,0.06668442425295419,0.08013532618573838
361,1.6109999999999602,0.06970130761790688,0.07992314622115149
362,1.6119999999999601,0.06349075053604847,0.07893745866271856
363,1.61299999999996,0.06262378908985643,0.07845121866246212
364,1.61399999999996,0.07413573406244121,0.08072302825930465
365,1.6149999999999598,0.05375053903257308,0.07747918347411213
366,1.6159999999999597,0.07312074811246158,0.08058150557721913
367,1.6169999999999596,0.0689477768193165,0.0792815650196692
368,1.6179999999999595,0.09294112728446166,0.0820073258333154
369,1.6189999999999594,0.07751230397720839,0.07832008418146941
370,1.6199999999999593,0.07858020395361881,0.079356905225143
371,1.6209999999999591,0.06944765696461966,0.08409743158004719
372,1.621999999999959,0.0783222311784383,0.07926057724868867
373,1.622999999999959,0.06722349841678822,0.0777357676177972
374,1.6239999999999588,0.05516267289270044,0.07613666776771039
375,1.6249999999999587,0.059193538408667694,0.07531493525447965
376,1.6259999999999586,0.0709326815655543,0.07835792791557798
377,1.6269999999999585,0.06669405826608188,0.07774901790356421
378,1.6279999999999584,0.07698147285622663,0.07694836271800282
379,1.6289999999999583,0.06365642233281404,0.0765484917039275
380,1.6299999999999581,0.07540036656707745,0.07863526014191687
381,1.630999999999958,0.05985748726906506,0.07338112886948943
382,1.631999999999958,0.0651753084831461,0.07589229789278325
383,1.6329999999999578,0.054505131029293837,0.07181276009030503
384,1.6339999999999577,0.06804369174494938,0.07734058771851587
385,1.6349999999999576,0.05874434842631202,0.07282257688110624
386,1.6359999999999575,0.06798411862212829,0.07640508745289089
387,1.6369999999999574,0.06527920953400622,0.07336009565563047
388,1.6379999999999573,0.06358249285809706,0.07291761862069145
389,1.6389999999999572,0.07649938017963114,0.07643587833180787
390,1.639999999999957,0.060429519739065275,0.07257884929700845
391,1.640999999999957,0.05821079894576181,0.072367790307202
392,1.6419999999999568,0.09270378149424469,0.07750961453498587
393,1.6429999999999567,0.06636118889733762,0.07348264281592763
394,1.6439999999999566,0.17145219661859598,0.11304680669068008
395,1.6449999999999565,0.08213781873380588,0.09229914916005867
396,1.6459999999999564,0.07639161299354283,0.07700941359975727
397,1.6469999999999563,0.0925209065718726,0.07636541064340172
398,1.6479999999999562,0.08486200710505588,0.07626494752354951
399,1.648999999999956,0.07058036524379416,0.07429059801983616
400,1.649999999999956,0.06767580137328853,0.07070504092978462
401,1.6509999999999558,0.06241718388663323,0.07028550727832752
402,1.6519999999999557,0.06202856037468478,0.07344057558115605
403,1.6529999999999556,0.05860040386764579,0.06905430679380914
404,1.6539999999999555,0.06964361743065657,0.073126860369816
405,1.6549999999999554,0.0513464257559497,0.06944902386941497
406,1.6559999999999553,0.07462113703063199,0.0774311382642621
407,1.6569999999999552,0.06791701732648697,0.06757734091903923
408,1.657999999999955,0.06738825881493131,0.0699033183201781
409,1.658999999999955,0.07140735164115386,0.07382447852169015
410,1.6599999999999548,0.0461612799209614,0.06711803682084573
411,1.6609999999999547,0.06829246648090405,0.06754003700412338
412,1.6619999999999546,0.06713705970836774,0.0702645616552787
413,1.6629999999999545,0.08746793211374579,0.06719367101962245
414,1.6639999999999544,0.08264680308112601,0.05897255072926429
415,1.6649999999999543,0.10766939810285517,0.08554256814033301
416,1.6659999999999542,0.062316077259737555,0.06814884338895799
417,1.666999999999954,0.06445253618535084,0.06800700867116552
418,1.667999999999954,0.06878420968345461,0.06927192642381669
419,1.6689999999999539,0.08407624250312812,0.07057985574568276
420,1.6699999999999537,0.07570896417285465,0.06826852210088011
421,1.6709999999999536,0.05853017999905747,0.06677485702094207
422,1.6719999999999535,0.06970651095819895,0.07128671349419184
423,1.6729999999999534,0.08152999272641946,0.06978466075409576
424,1.6739999999999533,0.060124538519320175,0.06835698736171528
425,1.6749999999999532,0.06947602075528796,0.06984664904606094
426,1.675999999999953,0.06781715771849246,0.06666724983482394
427,1.676999999999953,0.06622316008237107,0.06642112640273631
428,1.6779999999999529,0.06371477633423975,0.06801302913852787
429,1.6789999999999528,0.07163157339039432,0.07040944913966228
430,1.6799999999999526,0.07571907513562,0.06614284898348179
431,1.6809999999999525,0.0522623088068107,0.06583549352498862
432,1.6819999999999524,0.08019553809667719,0.069540757429045
433,1.6829999999999523,0.07286278811496633,0.06815711367318772
434,1.6839999999999522,0.06557576362352333,0.06770329323041611
435,1.684999999999952,0.054941686823225595,0.06202497802344278
436,1.685999999999952,0.0629278349780943,0.06340053262981366
437,1.6869999999999519,0.06803798047159948,0.06508091433047611
438,1.6879999999999518,0.0671307889125498,0.06497907672570119
439,1.6889999999999517,0.0828651858355541,0.06840625366530823
440,1.6899999999999515,0.0653848473484268,0.06576302609997216
441,1.6909999999999514,0.059034805064375945,0.06376976057839764
442,1.6919999999999513,0.07197532518916032,0.067416701144805
443,1.6929999999999512,0.066148006591715,0.06414425670592507
444,1.693999999999951,0.06474753501469076,0.06478398221505748
445,1.694999999999951,0.06586478795701355,0.06488279104883786
446,1.6959999999999509,0.06827622842864366,0.06514984465556223
447,1.6969999999999508,0.07086564867854189,0.06663530908611186
448,1.6979999999999507,0.0579091643640076,0.061622069902767196
449,1.6989999999999505,0.0662622687669863,0.06285189069016338
450,1.6999999999999504,0.06656123482783118,0.06448417583421025
451,1.7009999999999503,0.0500285141814279,0.058785405393634894
452,1.7019999999999502,0.06780218137582684,0.0642119324766259
453,1.70299999999995,0.06063557019840592,0.06103123512180589
454,1.70399999999995,0.06289993691075808,0.06306675114114203
455,1.7049999999999499,0.06944661244878397,0.06401134229757974
456,1.7059999999999498,0.061703187611566256,0.06292369532004602
457,1.7069999999999497,0.06883420885831573,0.06351691830481536
458,1.7079999999999496,0.0703151491489251,0.062405605404649546
459,1.7089999999999494,0.07008959912613331,0.0623667870776885
460,1.7099999999999493,0.05816039758614358,0.0623012666015945
461,1.7109999999999492,0.08163192871669844,0.06452264405708727
462,1.7119999999999491,0.0770427644099568,0.0641126354114306
463,1.712999999999949,0.05189286818281178,0.05864160532768759
464,1.713999999999949,0.12429940705604736,0.12019689867687222
465,1.7149999999999488,0.06759354394844214,0.06135602825481527
466,1.7159999999999487,0.0804464734133941,0.06558840225121575
467,1.7169999999999486,0.06139609410642228,0.0621213129944932
468,1.7179999999999485,0.0661661960840942,0.06060006685398528
469,1.7189999999999483,0.06210052267530827,0.06123911158946615
470,1.7199999999999482,0.05797817435474534,0.05864043423741195
471,1.7209999999999481,0.0649832755086907,0.06146424853208242
472,1.721999999999948,0.052353735860710765,0.055569725919513
473,1.722999999999948,0.0595034657679256,0.060995302236941544
474,1.7239999999999478,0.06734547642963268,0.061277756177073935
475,1.7249999999999477,0.06772679096840792,0.06149305965482425
476,1.7259999999999476,0.05927906107405415,0.05952279478568625
477,1.7269999999999475,0.06854092412885401,0.060023977392032545
478,1.7279999999999474,0.06542746651655477,0.06013472420474731
479,1.7289999999999472,0.06634605961293097,0.05869090248220546
480,1.7299999999999471,0.0633642141957758,0.059818441548462054
481,1.730999999999947,0.06478659475583314,0.05818090964907003
482,1.731999999999947,0.059668659319366706,0.05801899846416716
483,1.7329999999999468,0.06986791893647849,0.06568463991797313
484,1.7339999999999467,0.06333082254326626,0.05911157835412312
485,1.7349999999999466,0.05325604289614417,0.05727779072354871
486,1.7359999999999465,0.06514801495243483,0.06014905138116432
487,1.7369999999999464,0.04461399160777194,0.054815540658903844
488,1.7379999999999463,0.06558003018099585,0.06101773091668248
489,1.7389999999999461,0.06042105215113861,0.05925924530230025
490,1.739999999999946,0.06673490966545827,0.059847027397714685
491,1.740999999999946,0.066157562083149,0.06021536437254234
492,1.7419999999999458,0.06317217107989558,0.0608545098601247
493,1.7429999999999457,0.07175311639718163,0.062266149877133116
494,1.7439999999999456,0.12963083891731253,0.0931615019409064
495,1.7449999999999455,0.061550232242612274,0.058165830373962196
496,1.7459999999999454,0.07296895030405214,0.05990052420192953
497,1.7469999999999453,0.058972105851247805,0.05915189767405798
498,1.7479999999999452,0.049658236277626576,0.054027958459277235
499,1.748999999999945,0.0667263880779908,0.058628059024006605
500,1.749999999999945,0.07100253369188692,0.06152560609444447
501,1.7509999999999448,0.07161999916580905,0.06048278145627035
502,1.7519999999999447,0.060582140187678914,0.05928984913433979
503,1.7529999999999446,0.056030159079658734,0.05888616015572715
504,1.7539999999999445,0.07773882910759518,0.06259012429975877
505,1.7549999999999444,0.06209232468698419,0.06103607552440607
506,1.7559999999999443,0.05270348248756518,0.05866447004622539
507,1.7569999999999442,0.05415618458992726,0.05743603877696037
508,1.757999999999944,0.08169453557274502,0.06605869583417928
509,1.758999999999944,0.056375410371728614,0.05926449279588781
510,1.7599999999999438,0.06118415790568478,0.06113040796513029
511,1.7609999999999437,0.049101145287478394,0.05798805910051805
512,1.7619999999999436,0.07292073814658141,0.06316170234833594
513,1.7629999999999435,0.0778282393074309,0.06425429446538695
514,1.7639999999999434,0.07539402710365897,0.06460452607645634
515,1.7649999999999433,0.048518789210191496,0.05953705158371575
516,1.7659999999999432,0.06378792298591965,0.060950250046528355
517,1.766999999999943,0.06818973747388384,0.06397629334316225
518,1.767999999999943,0.05857404937566473,0.06181932498543602
519,1.7689999999999428,0.06666686190606563,0.0617223927233047
520,1.7699999999999427,0.09942402778630713,0.08212266539295932
521,1.7709999999999426,0.059605692395099684,0.06196386401367857
522,1.7719999999999425,0.06502797058489554,0.062345363306932806
523,1.7729999999999424,0.05981533880687205,0.059418910920627475
524,1.7739999999999423,0.07001356361040552,0.0635285655412526
525,1.7749999999999422,0.0550189633997253,0.05968001845488685
526,1.775999999999942,0.06575347960097266,0.06243292367894471
527,1.776999999999942,0.07618854360895932,0.06405927827220602
528,1.7779999999999418,0.06239019938486604,0.058096843516612165
529,1.7789999999999417,0.08301769011150976,0.06464392489718478
530,1.7799999999999416,0.06143142303507268,0.06076149774495558
531,1.7809999999999415,0.0589781459654597,0.05984739545974836
532,1.7819999999999414,0.061825832568937554,0.05922775057744737
533,1.7829999999999413,0.062160899958266416,0.060047610447830205
534,1.7839999999999412,0.07205475566962104,0.060826653112659064
535,1.784999999999941,0.08992168703871083,0.08663227300989118
536,1.785999999999941,0.06455007577610156,0.060289256040688306
537,1.7869999999999409,0.06617745187644385,0.06087962962859247
538,1.7879999999999407,0.0659394784726348,0.06304605848293782
539,1.7889999999999406,0.0486388863308355,0.05720501496716888
540,1.7899999999999405,0.054708278781488075,0.059161119046917836
541,1.7909999999999404,0.0627820313237617,0.05999841300138457
542,1.7919999999999403,0.0678589937220141,0.06247823402879833
543,1.7929999999999402,0.06635931500540958,0.060398744144875366
544,1.79399999999994,0.0632412754675754,0.059510167594197194
545,1.79499999999994,0.06654722160014363,0.06179657917562798
546,1.7959999999999399,0.05001028297001611,0.056679619882918426
547,1.7969999999999398,0.06255091707564431,0.05943870816924755
548,1.7979999999999396,0.06270043977016651,0.060298625808684565
549,1.7989999999999395,0.06459659461476658,0.06192194392673737
550,1.7999999999999394,0.05722582807614349,0.05930986423825419
551,1.8009999999999393,0.07103361376527517,0.06108460693973956
552,1.8019999999999392,0.07600184049650698,0.06317007173404492
553,1.802999999999939,0.07069772426801993,0.06284910751168786
554,1.803999999999939,0.054272876644612264,0.05914359501837961
555,1.8049999999999389,0.0645906587585098,0.060334715896449356
556,1.8059999999999388,0.06940147808905016,0.06170777990722468
557,1.8069999999999387,0.07560733473780769,0.06289461247617022
558,1.8079999999999385,0.06102438310469229,0.05909053126595719
559,1.8089999999999384,0.06227956548140533,0.059578061652866804
560,1.8099999999999383,0.05190966466921845,0.056174433619498726
561,1.8109999999999382,0.06675565586074199,0.05798287486354394
562,1.811999999999938,0.0693346088764666,0.0628050343985376
563,1.812999999999938,0.07394924321134419,0.06042330284139
564,1.8139999999999379,0.04229595419129535,0.05241960412852832
565,1.8149999999999378,0.05085608720596851,0.05407350632558333
566,1.8159999999999377,0.05436730795588667,0.056104637867741114
567,1.8169999999999376,0.05461880092589523,0.05542263241839163
568,1.8179999999999374,0.054068069041749,0.05749493427571753
569,1.8189999999999373,0.05968613231429022,0.05932393194979975
570,1.8199999999999372,0.04786361286668712,0.057439197035177594
571,1.8209999999999371,0.07267795004055719,0.06228212960954098
572,1.821999999999937,0.054967520594336815,0.057165407805890286
573,1.822999999999937,0.0678175397247898,0.059668032579410966
574,1.8239999999999368,0.07332256211911552,0.06107716102906098
575,1.8249999999999367,0.057806335215387486,0.05773341670516821
576,1.8259999999999366,0.053467740724108086,0.05416640089568864
577,1.8269999999999365,0.055218062724742424,0.05503787870986539
578,1.8279999999999363,0.06394391235022133,0.05818222361050822
579,1.8289999999999362,0.050342658055641434,0.05736271837295947
580,1.8299999999999361,0.05957125944500114,0.058882309319642966
581,1.830999999999936,0.05641611076382838,0.059136474398454014
582,1.831999999999936,0.07026694115357415,0.057952475181186874
583,1.8329999999999358,0.07238950196077418,0.060832617403845844
584,1.8339999999999357,0.06653291338585847,0.05934262548483104
585,1.8349999999999356,0.06483949684752725,0.05901136217040374
586,1.8359999999999355,0.048572821658944575,0.05541786286489096
587,1.8369999999999354,0.06169485284246832,0.057879920920107915
588,1.8379999999999352,0.06484077539656496,0.05942990051615702
589,1.8389999999999351,0.0710778028469374,0.06652983282047269
590,1.839999999999935,0.05895725552213636,0.05660204624176308
591,1.840999999999935,0.08600641648325201,0.0636990113908319
592,1.8419999999999348,0.05794252833760354,0.05906491386197269
593,1.8429999999999347,0.06339787430668004,0.059018036834318985
594,1.8439999999999346,0.06007188307789488,0.05788303257351353
595,1.8449999999999345,0.0637094089412986,0.058048448130609824
596,1.8459999999999344,0.06615756208314907,0.05930311317329605
597,1.8469999999999342,0.06409121602027616,0.05898342577929533
598,1.8479999999999341,0.06677195330642996,0.05680724452225857
599,1.848999999999934,0.06603637138568601,0.058048202592442935
600,1.849999999999934,0.08168922370501899,0.06270107095957683
601,1.8509999999999338,0.06175478773108927,0.057621630094947134
602,1.8519999999999337,0.06297474995744465,0.055105263451378776
603,1.8529999999999336,0.06990024475649671,0.058466233705679334
604,1.8539999999999335,0.0767098168365725,0.05903096684798026
605,1.8549999999999334,0.06982340939463459,0.05929175042258572
606,1.8559999999999333,0.06154301333927533,0.05441747182368464
607,1.8569999999999331,0.06395511367071166,0.057799003968541825
608,1.857999999999933,0.06620923181484346,0.05879807804646809
609,1.858999999999933,0.06373662752809957,0.0566659018165512
610,1.8599999999999328,0.06865839213130166,0.05798969025163743
611,1.8609999999999327,0.06925058084204416,0.05687351255674214
612,1.8619999999999326,0.0736875564666462,0.05850799434913066
613,1.8629999999999325,0.05562101691830555,0.055159577091044715
614,1.8639999999999324,0.06588753821870133,0.05786834589181144
615,1.8649999999999323,0.07353363466835837,0.05962067350774586
616,1.8659999999999322,0.06626721437106926,0.058098962263942455
617,1.866999999999932,0.07025781550613239,0.05807132326784451
618,1.867999999999932,0.08015921977375301,0.05967947566836602
619,1.8689999999999318,0.07705809649087543,0.06079168634187206
620,1.8699999999999317,0.06375469229962491,0.055739100958059354
621,1.8709999999999316,0.06844267509052142,0.05524804242193109
622,1.8719999999999315,0.1437747401802693,0.11060532200908242
623,1.8729999999999314,0.07852677694525906,0.05858704745898248
624,1.8739999999999313,0.07605474196265312,0.05767269780689711
625,1.8749999999999312,0.07994033139481352,0.060470461863809034
626,1.875999999999931,0.06519825959671677,0.057713910090266586
627,1.876999999999931,0.08087095617837788,0.05898430448365828
628,1.8779999999999308,0.07199225827998247,0.05810074641229283
629,1.8789999999999307,0.06979475991843673,0.05548803209579834
630,1.8799999999999306,0.07579678696196235,0.05711297902690512
631,1.8809999999999305,0.07528345604148004,0.05494777807605383
632,1.8819999999999304,0.06839184042615412,0.05644093190894582
633,1.8829999999999303,0.0848827635911943,0.05971958515202142
634,1.8839999999999302,0.07802830308784149,0.057653889832238264
635,1.88499999999993,0.08634631661848709,0.05914964139483092
636,1.88599999999993,0.06989462958907443,0.05427508624518185
637,1.8869999999999298,0.07939321937405219,0.057753589802429305
638,1.8879999999999297,0.059982178522844015,0.05241821987371023
639,1.8889999999999296,0.08250738285280715,0.056418406249016444
640,1.8899999999999295,0.07839498335551028,0.057072013910632824
641,1.8909999999999294,0.06549885873535277,0.053261187674033685
642,1.8919999999999293,0.06971007873849655,0.054719580586272354
643,1.8929999999999292,0.0802602015051589,0.05728107081028613
644,1.893999999999929,0.12072516538150559,0.06624487306943137
645,1.894999999999929,0.07437010592289074,0.05447620567852278
646,1.8959999999999289,0.19045922114121808,0.13046450075085778
647,1.8969999999999287,0.08706537946789296,0.05689549365379819
648,1.8979999999999286,0.13334258356758613,0.10167061360122658
649,1.8989999999999285,0.07656911067411516,0.05372782112075576
650,1.8999999999999284,0.08567564584023739,0.05910888211454239
651,1.9009999999999283,0.07945936711015412,0.054138644995728694
652,1.9019999999999282,0.09231014200434823,0.05889091284048864
653,1.902999999999928,0.08561746317338567,0.05709237531835734
654,1.903999999999928,0.08767641973439236,0.058502058844717444
655,1.9049999999999279,0.09853838855245266,0.05725045690333462
656,1.9059999999999278,0.09476293159884805,0.06092079937258263
657,1.9069999999999276,0.13037719652419621,0.06131548886072364
658,1.9079999999999275,0.08623780188068265,0.056093735986390926
659,1.9089999999999274,0.07844929268790807,0.05333956325698691
660,1.9099999999999273,0.089694273942701,0.05647808763610775
661,1.9109999999999272,0.09281248215090745,0.055997374708057476
662,1.911999999999927,0.09013612526287337,0.05667651074555129
663,1.912999999999927,0.0882825412622414,0.0547351121601998
664,1.9139999999999269,0.09869595554515095,0.058715513470381155
665,1.9149999999999268,0.0916626756712785,0.05647955592111811
666,1.9159999999999267,0.09109183610597786,0.0563481078658687
667,1.9169999999999265,0.09226574685179183,0.0555057764767825
668,1.9179999999999264,0.08233364087011907,0.05147709256139614
669,1.9189999999999263,0.09751746826593412,0.05591679230908871
670,1.9199999999999262,0.11140975960044375,0.05892375309139703
671,1.920999999999926,0.10543424274169756,0.05927848384112245
672,1.921999999999926,0.10381427611260927,0.05622110036001371
673,1.9229999999999259,0.0963703957212146,0.05189592210236046
674,1.9239999999999258,0.09843611636060051,0.055460003093095206
675,1.9249999999999257,0.11023551384869759,0.06053856315923487
676,1.9259999999999255,0.10715469979160117,0.05798236088376197
677,1.9269999999999254,0.10115476493177708,0.054770822797208865
678,1.9279999999999253,0.11113689457885509,0.05777853276585586
679,1.9289999999999252,0.11510818197325444,0.054502624773193634
680,1.929999999999925,0.11989134273625505,0.058903760771884674
681,1.930999999999925,0.17631381920500627,0.0649320792151561
682,1.9319999999999249,0.11661506680542158,0.05862911985893633
683,1.9329999999999248,0.18066024831133273,0.06799570933002871
684,1.9339999999999247,0.11916203276167779,0.0563233366196475
685,1.9349999999999246,0.12381999915775832,0.058838281865214455
686,1.9359999999999244,0.13857441918138638,0.06382776511549126
687,1.9369999999999243,0.1297592784959556,0.05816460515037073
688,1.9379999999999242,0.1326903230164575,0.05587796481255526
689,1.9389999999999241,0.12944364465520192,0.058765983384275834
690,1.939999999999924,0.12666982619538056,0.0543124830846139
691,1.940999999999924,0.13753975433143528,0.05900890289338196
692,1.9419999999999238,0.13583346248321787,0.05638385402161124
693,1.9429999999999237,0.13893774990929525,0.05693465135361913
694,1.9439999999999236,0.13595691901769386,0.0532446421111174
695,1.9449999999999235,0.1406089181555971,0.05711515695811362
696,1.9459999999999233,0.14696390040882387,0.05631505410755351
697,1.9469999999999232,0.14706099808030235,0.058038648119068635
698,1.9479999999999231,0.1561145903188015,0.06033383538344799
699,1.948999999999923,0.15526549826122352,0.06038535598664171
700,1.949999999999923,0.162686512063698,0.056808613064839
701,1.9509999999999228,0.15743004786770878,0.0567350299405323
702,1.9519999999999227,0.1638145626304514,0.0544481317561047
703,1.9529999999999226,0.17636078069323485,0.05780543755870461
704,1.9539999999999225,0.1723902964098157,0.059144712330149875
705,1.9549999999999224,0.1989082310083846,0.05720229681679034
706,1.9559999999999222,0.1799922038179656,0.06018555409712682
707,1.9569999999999221,0.27143263436372406,0.08359512480147846
708,1.957999999999922,0.18630757521863356,0.052704796761230556
709,1.958999999999922,0.19056692015687063,0.05700388544949284
710,1.9599999999999218,0.19417564042233845,0.05479662692668645
711,1.9609999999999217,0.19800557640563402,0.05907204310789798
712,1.9619999999999216,0.21638227874066654,0.05918573154079597
713,1.9629999999999215,0.20881559693302965,0.05839387399752958
714,1.9639999999999214,0.23208828163110784,0.05734814697653411
715,1.9649999999999213,0.21624934168809679,0.05788428614200404
716,1.9659999999999211,0.32838748781645416,0.06727940896435904
717,1.966999999999921,0.23622653267025603,0.05777371100028108
718,1.967999999999921,0.23954584799870682,0.06028874023135753
719,1.9689999999999208,0.24894525563282324,0.05747273153785154
720,1.9699999999999207,0.2471525762543455,0.058207272285065476
721,1.9709999999999206,0.2579787676365667,0.057307101252559674
722,1.9719999999999205,0.2621057394051711,0.05613818481836576
723,1.9729999999999204,0.27401804352734266,0.058515324309029525
724,1.9739999999999203,0.2884279302981467,0.05604918255170125
725,1.9749999999999202,0.29382491958950463,0.06268277952858299
726,1.97599999999992,0.3095357658547796,0.05990642929350724
727,1.97699999999992,0.31106275095387814,0.057966715840795345
728,1.9779999999999198,0.32783456791105514,0.056746447966758436
729,1.9789999999999197,0.3305729181360908,0.06245813472970411
730,1.9799999999999196,0.34810230123047653,0.0589736932530318
731,1.9809999999999195,0.3467155777240624,0.059722883001532924
732,1.9819999999999194,0.3699230905097727,0.060790087745576614
733,1.9829999999999193,0.40037211117704496,0.05951060305919517
734,1.9839999999999192,0.4023289147307784,0.059224950235814144
735,1.984999999999919,0.4297386444635521,0.05953861853493676
736,1.985999999999919,0.4346886402438278,0.06093324056333168
737,1.9869999999999188,0.4638329686225725,0.059398147248232794
738,1.9879999999999187,0.40852881624418336,0.05857085601787245
739,1.9889999999999186,0.5014593048756856,0.05760390765600208
740,1.9899999999999185,0.7313501064757438,0.06264291258579822
741,1.9909999999999184,0.555495681074311,0.05848218824047257
742,1.9919999999999183,0.8573203578138936,0.09434016068810507
743,1.9929999999999182,0.6070999856027853,0.06149103678333549
744,1.993999999999918,0.6749112452937572,0.06054188060406497
745,1.994999999999918,0.679174557969046,0.062406103717315704
746,1.9959999999999178,0.756353580991897,0.06052304366415178
747,1.9969999999999177,0.8514056814744,0.06263099720664209
748,1.9979999999999176,0.851919835608756,0.06347355385791915
749,1.9989999999999175,1.2157596150451393,0.06371318785031624
750,1.9999999999999174,1.1059771356749062,0.06416485772381254
751,2.0009999999999173,1.116734726988749,0.06386072459082211
752,2.001999999999917,1.2861683944129727,0.06583832758517033
753,2.002999999999917,1.1075924206963643,0.09111221972847904
754,2.003999999999917,1.4857670336630757,0.0706540031649803
755,2.004999999999917,1.4633097158350528,0.07166248314047406
756,2.0059999999999167,1.6647051858874924,0.07072519656220506
757,2.0069999999999166,1.6601773218728135,0.0670424719116726
758,2.0079999999999165,1.7535151393917632,0.06911402552312894
759,2.0089999999999164,1.7463336437099675,0.07047772741094385
760,2.0099999999999163,1.7602861003973613,0.06679689692590997
761,2.010999999999916,1.6377352447584932,0.06554342321289451
762,2.011999999999916,1.6545982020258263,0.06590286783548678
763,2.012999999999916,1.4824485965543035,0.0635579291281827
764,2.013999999999916,1.4847808777363896,0.06367524806703566
765,2.0149999999999157,1.3021178369378386,0.06235781118507602
766,2.0159999999999156,1.2629376720134258,0.07242105554075512
767,2.0169999999999155,1.1504510233714587,0.0634191482597057
768,2.0179999999999154,1.0187203646469722,0.06381996925374767
769,2.0189999999999153,1.019740764418779,0.059912809599013336
770,2.019999999999915,0.9102233941132444,0.05977232890973386
771,2.020999999999915,0.9080679296766357,0.061097502552260166
772,2.021999999999915,0.8210465291075264,0.06188474851920525
773,2.022999999999915,1.0254040002663745,0.06603839129564257
774,2.0239999999999148,0.7470869617239013,0.05747651900742516
775,2.0249999999999146,0.8852744480677948,0.12364228648143225
776,2.0259999999999145,0.6872683227663796,0.06485660458620948
777,2.0269999999999144,0.6559233132458827,0.0984150497981516
778,2.0279999999999143,0.598380024367131,0.06347520735170303
779,2.028999999999914,0.5930526913937485,0.06517094296719703
780,2.029999999999914,0.5833305101835567,0.06361270489207554
781,2.030999999999914,0.5523021077820214,0.0652265890598521
782,2.031999999999914,0.5201081881428011,0.060984679719458486
783,2.0329999999999138,0.5216140098664261,0.06390325856886937
784,2.0339999999999137,0.4735290935979567,0.06938003204854877
785,2.0349999999999135,0.4656493620222107,0.06612560758849521
786,2.0359999999999134,0.4669489389496181,0.06521298002798408
787,2.0369999999999133,0.43874021929648804,0.0680144770195351
788,2.037999999999913,0.4413942448840793,0.07047787449095747
789,2.038999999999913,0.4169220052223779,0.06748092229700377
790,2.039999999999913,0.4197977709406992,0.06756468482987271
791,2.040999999999913,0.3994730248038653,0.07001444655257377
792,2.0419999999999128,0.39728880193008886,0.06609164064541075
793,2.0429999999999127,0.386526975267024,0.0731016064409493
794,2.0439999999999126,0.370220087845602,0.07363645498231637
795,2.0449999999999124,0.3700073825782999,0.07044137084721025
796,2.0459999999999123,0.3577792745385607,0.07469553100448714
797,2.0469999999999122,0.3570655307889331,0.07390238387730047
798,2.047999999999912,0.3450027088855673,0.07890871129312141
799,2.048999999999912,0.3267393725452645,0.08649451680783225
800,2.049999999999912,0.32917796594786586,0.07358822512707068
801,2.050999999999912,0.5109750990134677,0.14717637982250376
802,2.0519999999999117,0.3218250991387787,0.08039606899525302
803,2.0529999999999116,0.30743892878197054,0.08164649218822696
804,2.0539999999999115,0.311210349912017,0.08109928393691898
805,2.0549999999999113,0.3074779793878639,0.08797816826621918
806,2.0559999999999112,0.2950296082455526,0.08940514428309576
807,2.056999999999911,0.2983193335031725,0.08769959064760216
808,2.057999999999911,0.2918687137103215,0.0939207179876282
809,2.058999999999911,0.29012306128479726,0.09247250127625187
810,2.059999999999911,0.29979279061805864,0.09399671724518135
811,2.0609999999999107,0.2780625517930296,0.09446952161311811
812,2.0619999999999106,0.3672035912622917,0.16398740190882907
813,2.0629999999999105,0.26516530493927515,0.10401501743650403
814,2.0639999999999104,0.2708436346821974,0.10488631115510395
815,2.0649999999999102,0.26397194955616826,0.11174331428824015
816,2.06599999999991,0.26001562784739213,0.10967351528981621
817,2.06699999999991,0.259921042093714,0.11913184948821931
818,2.06799999999991,0.25719720708183313,0.1190871605501882
819,2.06899999999991,0.24867203739163987,0.12283232959339288
820,2.0699999999999097,0.2520674454187575,0.12506504126659054
821,2.0709999999999096,0.24331478215863173,0.13420301888163233
822,2.0719999999999095,0.23668111068376874,0.14309066104634857
823,2.0729999999999094,0.23731959398588615,0.14253320607131265
824,2.0739999999999092,0.2359953421270715,0.1550569632873721
825,2.074999999999909,0.23363204390588668,0.1555044352681075
826,2.075999999999909,0.23762908922504697,0.17394391679094737
827,2.076999999999909,0.2303759686922524,0.17122881575827298
828,2.077999999999909,0.22157432695255208,0.18716099665105904
829,2.0789999999999087,0.22411783318410405,0.2065213492443742
830,2.0799999999999086,0.22329509775634962,0.20733535850633394
831,2.0809999999999085,0.2153651838170469,0.22732464303920538
832,2.0819999999999084,0.22023047932721143,0.22528041713662336
833,2.0829999999999083,0.21754272132454,0.2516424872179404
834,2.083999999999908,0.20768902763615163,0.26976977894047577
835,2.084999999999908,0.2073084597020937,0.2689389685340247
836,2.085999999999908,0.20911354297658993,0.2847782668423106
837,2.086999999999908,0.21313208855530477,0.2884788341876243
838,2.0879999999999077,0.2036399892237848,0.29065901612966116
839,2.0889999999999076,0.20576341233296547,0.2915585563215169
840,2.0899999999999075,0.2051548631512626,0.29172918012956134
841,2.0909999999999074,0.1998739984986879,0.2793493569403062
842,2.0919999999999073,0.19880099154171363,0.2787326965789504
843,2.092999999999907,0.20232346171806276,0.26212956450649294
844,2.093999999999907,0.19731784890173756,0.2614310378059583
845,2.094999999999907,0.1927879104918784,0.24033713047345803
846,2.095999999999907,0.19087401079071567,0.2202464828414012
847,2.0969999999999067,0.19416828224367608,0.22107770981867678
848,2.0979999999999066,0.19169607978807177,0.2071452564568084
849,2.0989999999999065,0.1893991552739414,0.20257793228466417
850,2.0999999999999064,0.1896740544845236,0.18643500994263013
851,2.1009999999999063,0.18978673106093838,0.18676282711362185
852,2.101999999999906,0.1863027361063438,0.16472428478846768
853,2.102999999999906,0.18195611555253335,0.15940613163241107
854,2.103999999999906,0.18104969691352205,0.159527362916895
855,2.104999999999906,0.1796085036812923,0.1493147162242522
856,2.1059999999999057,0.1801474036499687,0.14871469384037533
857,2.1069999999999056,0.18002489502366234,0.14167346401357875
858,2.1079999999999055,0.18000094748012097,0.1414758199585491
859,2.1089999999999054,0.18156056368000165,0.1295647242524501
860,2.1099999999999053,0.1798918191744015,0.1264282623760864
861,2.110999999999905,0.17410239228764668,0.12694709750895325
862,2.111999999999905,0.17707453518965524,0.11841527318049418
863,2.112999999999905,0.1805714835014893,0.1230380173382223
864,2.113999999999905,0.17057067181378485,0.11310738967665637
865,2.1149999999999047,0.16961193953001427,0.11061164789470869
866,2.1159999999999046,0.17372099123533377,0.10997051879801965
867,2.1169999999999045,0.17162804882009822,0.10505468054607413
868,2.1179999999999044,0.1755813332505658,0.10746474588727702
869,2.1189999999999043,0.16879196971014906,0.10209857586057733
870,2.119999999999904,0.1665845979025435,0.10187924259757444
871,2.120999999999904,0.1689729439566291,0.10026766136236741
872,2.121999999999904,0.17992209523567132,0.0927690823211137
873,2.122999999999904,0.17220483492300045,0.09676376497655627
874,2.1239999999999037,0.2124243798032257,0.12367958859865259
875,2.1249999999999036,0.16049169693685988,0.09069007790245424
876,2.1259999999999035,0.16540809778644422,0.09468192043593636
877,2.1269999999999034,0.15722804455754688,0.08545315264547368
878,2.1279999999999033,0.15694134490261483,0.0848953162486321
879,2.128999999999903,0.16183202449514014,0.08692846310072
880,2.129999999999903,0.1622454086953795,0.08515689805311526
881,2.130999999999903,0.15795274354707486,0.0843960541738314
882,2.131999999999903,0.1555070399725966,0.08202881132959852
883,2.1329999999999028,0.15843036362298166,0.08018769769980848
884,2.1339999999999026,0.1636739656548375,0.08411413169460323
885,2.1349999999999025,0.15554501893465947,0.08171291309988399
886,2.1359999999999024,0.15424466731427147,0.07914678039918999
887,2.1369999999999023,0.1570879843202449,0.08062428257077447
888,2.137999999999902,0.15224440790287963,0.07748252813126015
889,2.138999999999902,0.14840869437834633,0.07678226866343028
890,2.139999999999902,0.1528568332839083,0.0760481198982927
891,2.140999999999902,0.15048239793758003,0.07502101262164462
892,2.1419999999999018,0.15312488157814869,0.07368148792577563
893,2.1429999999999017,0.14978353777868197,0.07325897788365669
894,2.1439999999999015,0.15456063414352458,0.0750326700600459
895,2.1449999999999014,0.15448298382994421,0.07665877614407832
896,2.1459999999999013,0.17235683352603093,0.07560089420993094
897,2.146999999999901,0.15116150695745342,0.07242635128498305
898,2.147999999999901,0.24064910434034706,0.14752109124374835
899,2.148999999999901,0.14601332641244158,0.07082523007572486
900,2.149999999999901,0.19667039994532556,0.11651649844215499
901,2.1509999999999008,0.15120819330167667,0.07296167451743137
902,2.1519999999999007,0.14994395933085697,0.07033970460307223
903,2.1529999999999005,0.14569449749806918,0.06970423521811155
904,2.1539999999999004,0.15059769920473304,0.06922015021504853
905,2.1549999999999003,0.14973126860587782,0.06938266530037689
906,2.1559999999999,0.14070543002513122,0.06809406306415412
907,2.1569999999999,0.14375470174570096,0.06759060809183094
908,2.1579999999999,0.1373738525219338,0.06532066205947241
909,2.1589999999999,0.15039422753243184,0.06883675211570954
910,2.1599999999998998,0.14293350745490865,0.06787388875633027
911,2.1609999999998997,0.1577845712212273,0.07668581557419117
912,2.1619999999998996,0.14529700124659362,0.06602284969222988
913,2.1629999999998994,0.14982328750385723,0.06859918748890062
914,2.1639999999998993,0.1433206671406555,0.06654813773474796
915,2.1649999999998992,0.13843600616583251,0.06429701143923552
916,2.165999999999899,0.14768114827404766,0.06797070310059755
917,2.166999999999899,0.14408060132586728,0.0662297712054864
918,2.167999999999899,0.1427648820231757,0.06548311948539834
919,2.168999999999899,0.13466002080099804,0.06259739024489668
920,2.1699999999998987,0.1395445158780373,0.06450273986705203
921,2.1709999999998986,0.13728164120343478,0.06325270092533766
922,2.1719999999998985,0.13979085297697055,0.06518849648783596
923,2.1729999999998983,0.14202738651742075,0.06537887613609224
924,2.1739999999998982,0.13869469812323001,0.06406850117344437
925,2.174999999999898,0.1406406049260119,0.06448005646613598
926,2.175999999999898,0.14082043028052454,0.06366922444619463
927,2.176999999999898,0.1425760983926763,0.06516434177931729
928,2.177999999999898,0.1364364510663766,0.06223478188895622
929,2.1789999999998977,0.13529933973541225,0.061132951460412054
930,2.1799999999998976,0.13264802697207467,0.06152002491879001
931,2.1809999999998975,0.13926770407353956,0.06315429615819763
932,2.1819999999998974,0.13549546108295188,0.06035249521454957
933,2.1829999999998972,0.13606410903746433,0.062082421263813733
934,2.183999999999897,0.14405268363440588,0.06736638419065141
935,2.184999999999897,0.1459740388682783,0.06708352936163865
936,2.185999999999897,0.1326446579399717,0.05895705855861043
937,2.186999999999897,0.13653917585134376,0.061222436334316205
938,2.1879999999998967,0.14009297589654493,0.0663324234259142
939,2.1889999999998966,0.12615098773227287,0.05681910412952877
940,2.1899999999998965,0.1371303620235664,0.061515980882726896
941,2.1909999999998964,0.1486419366237256,0.0660385482628763
942,2.1919999999998963,0.13715968870212447,0.06263629321054813
943,2.192999999999896,0.13454545451341998,0.061321722558806
944,2.193999999999896,0.13915611214551457,0.06402439722661361
945,2.194999999999896,0.13196551064845244,0.059534809901240895
946,2.195999999999896,0.13493184707490138,0.06215717862651566
947,2.1969999999998957,0.13265575100965893,0.060063080205350255
948,2.1979999999998956,0.1347498349431595,0.06068504243096717
949,2.1989999999998955,0.13563961568572552,0.061522404878251426
950,2.1999999999998954,0.12744348824317617,0.05831100374885598
951,2.2009999999998953,0.13480519370582628,0.06067709904393123
952,2.201999999999895,0.13046308845078458,0.05901858570401004
953,2.202999999999895,0.12704117284539437,0.05760075842889362
954,2.203999999999895,0.12749681763772308,0.055268208355074094
955,2.204999999999895,0.129671951426036,0.05757780886089961
956,2.2059999999998947,0.13382110726617644,0.06021820472600988
957,2.2069999999998946,0.13252172250974734,0.06027429577795408
958,2.2079999999998945,0.12857754991417622,0.05975136276929556
959,2.2089999999998944,0.125460983027678,0.05404953854901125
960,2.2099999999998943,0.12306862960788537,0.05460335637229235
961,2.210999999999894,0.11874213234168152,0.054058048326309595
962,2.211999999999894,0.13056868739577343,0.05974737251541112
963,2.212999999999894,0.1310787262896041,0.05885534641229595
964,2.213999999999894,0.13272431996394762,0.060533319085311316
965,2.2149999999998937,0.13151542985828268,0.05895600362450201
966,2.2159999999998936,0.12711097700345966,0.057443528078369895
967,2.2169999999998935,0.12620683391064128,0.05640977017629023
968,2.2179999999998934,0.13219826119610617,0.058502590406975474
969,2.2189999999998933,0.12674358571312427,0.057528256100747854
970,2.219999999999893,0.12440933199214096,0.054906448271938586
971,2.220999999999893,0.12571742113474285,0.05671757875695133
972,2.221999999999893,0.14095075830520623,0.06360017665276141
973,2.222999999999893,0.12537934061110234,0.05756205386307007
974,2.2239999999998927,0.1199401570791223,0.05508964807150174
975,2.2249999999998926,0.12381827301182945,0.05608692123446686
976,2.2259999999998925,0.18567988178481262,0.13486126809814286
977,2.2269999999998924,0.120763903751274,0.05579368007445909
978,2.2279999999998923,0.12891374413598763,0.06383068831817271
979,2.228999999999892,0.12367935967960403,0.058107369583841606
980,2.229999999999892,0.13726843074761047,0.06141473014224041
981,2.230999999999892,0.1194000404775798,0.056006814706240866
982,2.231999999999892,0.11870407639184832,0.05628817356573114
983,2.2329999999998917,0.12522970562141497,0.05703469986138523
984,2.2339999999998916,0.12701547591163292,0.05772434885716709
985,2.2349999999998915,0.12321320424039255,0.05669152904457304
986,2.2359999999998914,0.12673655408605158,0.05417317022026974
987,2.2369999999998913,0.1377453248467184,0.06244751205448593
988,2.237999999999891,0.12145551958797939,0.05393626686902546
989,2.238999999999891,0.17156735759393443,0.1183298925223574
990,2.239999999999891,0.12593402073047538,0.055486093878906684
991,2.240999999999891,0.17421187558648132,0.13136829350234014
992,2.2419999999998907,0.12497212163603241,0.056418773712149844
993,2.2429999999998906,0.1157525470849035,0.05039483705907587
994,2.2439999999998905,0.12107807185810034,0.05580563898726312
995,2.2449999999998904,0.1245632906292268,0.05618605781542545
996,2.2459999999998903,0.1202263996712955,0.054582066463654856
997,2.24699999999989,0.12169486409264314,0.0548256804601743
998,2.24799999999989,0.1303744146187797,0.057496016017461675
999,2.24899999999989,0.12648454795278816,0.057520169615785745
1000,2.24999999999989,0.13795426979094044,0.06304301668563071
1001,2.2509999999998898,0.12143065674399053,0.05445098739240591
1002,2.2519999999998896,0.12366683296222457,0.05612828212681896
1003,2.2529999999998895,0.12467632838231318,0.055115020817136
1004,2.2539999999998894,0.11965019847909802,0.05331645638491344
1005,2.2549999999998893,0.12078818533189652,0.0513571384154233
1006,2.255999999999889,0.12953159565160893,0.05617307269325361
1007,2.256999999999889,0.11808930129523175,0.05375923591781491
1008,2.257999999999889,0.12046388512700523,0.054100816638773704
1009,2.258999999999889,0.12119398622909686,0.054687366929870036
1010,2.2599999999998888,0.11752272662042607,0.05245044375675928
1011,2.2609999999998887,0.11938705390255755,0.05406974408773133
1012,2.2619999999998885,0.13045590978186417,0.06072992865233019
1013,2.2629999999998884,0.12835261500101258,0.06895683411590715
1014,2.2639999999998883,0.11803550757212804,0.051597772332605624
1015,2.264999999999888,0.13955221092220063,0.08984580011802373
1016,2.265999999999888,0.12534594537286164,0.05997229757717875
1017,2.266999999999888,0.12482336829295637,0.058439123172429
1018,2.267999999999888,0.12304083971119895,0.0575125776468233
1019,2.2689999999998878,0.11518320496025959,0.051789774686595895
1020,2.2699999999998877,0.13429314181059576,0.06017349665216691
1021,2.2709999999998876,0.12161905446388822,0.056148339610829025
1022,2.2719999999998874,0.1298751844094367,0.06200439743970949
1023,2.2729999999998873,0.1196600713812111,0.05467504492775195
1024,2.2739999999998872,0.12557210895570647,0.05692190529249991
1025,2.274999999999887,0.12296628125472985,0.05654448936194663
1026,2.275999999999887,0.12128656320474727,0.05633154890819762
1027,2.276999999999887,0.12599284179501388,0.058446838651615804
1028,2.277999999999887,0.12032751528894563,0.05538593837204203
1029,2.2789999999998867,0.12792602431327235,0.05908651831398912
1030,2.2799999999998866,0.11962239408769709,0.05480847241533337
1031,2.2809999999998865,0.11670647010266341,0.05289856180203092
1032,2.2819999999998863,0.11632039428044369,0.05307433767617658
1033,2.2829999999998862,0.12087591870022345,0.05617187320549757
1034,2.283999999999886,0.1087619999691823,0.051353404257279994
1035,2.284999999999886,0.11896707665338468,0.05519783010077789
1036,2.285999999999886,0.11733705805004922,0.053576348036514954
1037,2.286999999999886,0.11787455053850142,0.05476824408144058
1038,2.2879999999998857,0.11744431216447289,0.054482080338100355
1039,2.2889999999998856,0.11580405683855124,0.054509851529223836
1040,2.2899999999998855,0.11681480219438635,0.0517061433070481
1041,2.2909999999998854,0.11688436352765456,0.05368012135052249
1042,2.2919999999998852,0.11815624864062318,0.05395632270982318
1043,2.292999999999885,0.12412796644944002,0.058965783019215685
1044,2.293999999999885,0.10841249342656704,0.04740636417784103
1045,2.294999999999885,0.11743990034743541,0.05447408874308353
1046,2.295999999999885,0.11844451672200017,0.05446573912815925
1047,2.2969999999998847,0.11127573890347976,0.05204932314160851
1048,2.2979999999998846,0.11178444084127284,0.05185468364155009
1049,2.2989999999998845,0.12080342317725776,0.053503913896715154
1050,2.2999999999998844,0.12050161104679843,0.054023641406893856
1051,2.3009999999998842,0.12758529846711356,0.059695105944440906
1052,2.301999999999884,0.11323642596704322,0.051199132909429804
1053,2.302999999999884,0.11793510678540357,0.05147457539092824
1054,2.303999999999884,0.12095987254693387,0.055650321921602706
1055,2.304999999999884,0.11759418241388585,0.0523223454407768
1056,2.3059999999998837,0.11752105126807966,0.0541030918759315
1057,2.3069999999998836,0.10831265620103367,0.05024951095560294
1058,2.3079999999998835,0.12470973674459424,0.055055556359800945
1059,2.3089999999998834,0.1167575146394688,0.05435178524849535
1060,2.3099999999998833,0.11245793278332632,0.051742216525994034
1061,2.310999999999883,0.12211624775330067,0.0555550574185664
1062,2.311999999999883,0.10755498599763855,0.04923937635837001
1063,2.312999999999883,0.10851906666218385,0.05105843098735239
1064,2.313999999999883,0.11060601023295029,0.05186914956027064
1065,2.3149999999998827,0.12283678121605908,0.05559620803196165
1066,2.3159999999998826,0.1127602408829147,0.04920154716301396
1067,2.3169999999998825,0.11718063564173638,0.05352940891794908
1068,2.3179999999998824,0.1147725844069575,0.05251525165471755
1069,2.3189999999998823,0.11527830556711587,0.05325264788567797
1070,2.319999999999882,0.11175107466343728,0.05112680290479045
1071,2.320999999999882,0.11067996536478804,0.04778431466953454
1072,2.321999999999882,0.14437482425199893,0.08548558035834349
1073,2.322999999999882,0.11618597306840708,0.0546460535746809
1074,2.3239999999998817,0.11335327417612798,0.050284155412901835
1075,2.3249999999998816,0.11064508371445936,0.04983782694365675
1076,2.3259999999998815,0.11673319359192937,0.052566325614596
1077,2.3269999999998814,0.11349094782477095,0.0506978123207232
1078,2.3279999999998813,0.11768095079982595,0.051369550017106566
1079,2.328999999999881,0.11895793024634402,0.05449370886900011
1080,2.329999999999881,0.1112972140092792,0.050217526121263345
1081,2.330999999999881,0.1193331939027045,0.054733904833033614
1082,2.331999999999881,0.1165510796339601,0.0516749347053926
1083,2.3329999999998807,0.13099300071044387,0.07162314601316543
1084,2.3339999999998806,0.12048247540789803,0.05592302537679699
1085,2.3349999999998805,0.12193594840356327,0.05591607395552135
1086,2.3359999999998804,0.11419512397681436,0.051676063055449264
1087,2.3369999999998803,0.11862125599339665,0.05295291211881546
1088,2.33799999999988,0.12151028308754991,0.05226783523988646
1089,2.33899999999988,0.12134550212996531,0.054947495100936855
1090,2.33999999999988,0.12250148333891457,0.05411911162689516
1091,2.34099999999988,0.11156080487686137,0.05171867158174032
1092,2.3419999999998797,0.1128317623200541,0.05032135100331325
1093,2.3429999999998796,0.11643414759518227,0.05250962579785211
1094,2.3439999999998795,0.11267828228257265,0.052182586302733966
1095,2.3449999999998794,0.11588401714098145,0.05283876092801174
1096,2.3459999999998793,0.10819706865393053,0.04905281795825442
1097,2.346999999999879,0.12372743331909015,0.05515678163248894
1098,2.347999999999879,0.11282110817898121,0.05347360914105962
1099,2.348999999999879,0.112303122924324,0.051772158231284324
1100,2.349999999999879,0.11132340919187814,0.052380237479153394
1101,2.3509999999998787,0.11569219199523845,0.0526137545363357
1102,2.3519999999998786,0.1101852098308162,0.05084534842334479
1103,2.3529999999998785,0.11548119431324315,0.05412416321052468
1104,2.3539999999998784,0.1069986816527318,0.047577157968803255
1105,2.3549999999998783,0.11230098906711349,0.05238283480889156
1106,2.355999999999878,0.10730863216423009,0.048938545260102335
1107,2.356999999999878,0.10496239918833693,0.048544894062011144
1108,2.357999999999878,0.11659881501333517,0.05261927076140176
1109,2.358999999999878,0.10716416461885528,0.04867305745848104
1110,2.3599999999998778,0.10967994411608413,0.05096292232121787
1111,2.3609999999998776,0.11028494926145221,0.05131844643275717
1112,2.3619999999998775,0.10966134160797329,0.04993037550878427
1113,2.3629999999998774,0.11250078449482542,0.05064257695957506
1114,2.3639999999998773,0.11371315722464352,0.051313017631403016
1115,2.364999999999877,0.11560926434263523,0.054903026317651114
1116,2.365999999999877,0.12389726400368269,0.0642247448822199
1117,2.366999999999877,0.11163880354267156,0.05074494491453088
1118,2.367999999999877,0.11234619510212093,0.04778366387356164
1119,2.3689999999998768,0.10843256452229634,0.04959461065405477
1120,2.3699999999998766,0.10986751730573942,0.050571013884459656
1121,2.3709999999998765,0.11294599002430285,0.05002163901017548
1122,2.3719999999998764,0.12105899523959329,0.05878619889206426
1123,2.3729999999998763,0.11607617252215961,0.05244253788869086
1124,2.373999999999876,0.11104007853741522,0.05080096169162474
1125,2.374999999999876,0.12206150143163398,0.05240338627741085
1126,2.375999999999876,0.12881957954225534,0.05843111839473795
1127,2.376999999999876,0.10813958790034374,0.0489061534534283
1128,2.3779999999998758,0.11825193775718414,0.05335549655001068
1129,2.3789999999998757,0.11248262546977437,0.05219189701582496
1130,2.3799999999998755,0.12079621734217096,0.054929853441175895
1131,2.3809999999998754,0.10825849140031539,0.04905218399205169
1132,2.3819999999998753,0.12159409722349158,0.05524804242193111
1133,2.382999999999875,0.11707269739285413,0.05349308755000247
1134,2.383999999999875,0.11610209275969123,0.05378441718149697
1135,2.384999999999875,0.11505487458481693,0.05069045108341903
1136,2.385999999999875,0.11416886155873518,0.05115761137452782
1137,2.3869999999998748,0.11150134069951569,0.048855470081834114
1138,2.3879999999998747,0.11574807078509858,0.052034284776813704
1139,2.3889999999998746,0.11466721432777588,0.05372685644651718
1140,2.3899999999998744,0.11247549693455257,0.05089310818403896
1141,2.3909999999998743,0.11742574832579684,0.05280608695712795
1142,2.3919999999998742,0.10951088193895032,0.0498545674987777
1143,2.392999999999874,0.12345669559174427,0.05323502872445136
1144,2.393999999999874,0.11226574572225491,0.04948580498448812
1145,2.394999999999874,0.10386074404460413,0.04553053989593387
1146,2.395999999999874,0.10914605578413714,0.048520545336799725
1147,2.3969999999998737,0.12284233838624907,0.0532001625910216
1148,2.3979999999998736,0.10675867612508913,0.047077314188331366
1149,2.3989999999998735,0.1161014791317555,0.05207052881498438
1150,2.3999999999998733,0.10958117889951388,0.04974789319825124
1151,2.4009999999998732,0.11582167274872669,0.05469684350412722
1152,2.401999999999873,0.10797789118758583,0.049269971205462365
1153,2.402999999999873,0.11506393723228965,0.052183951977943115
1154,2.403999999999873,0.11310026352699641,0.05144977468103461
1155,2.404999999999873,0.11268462781349801,0.05173006967486763
1156,2.4059999999998727,0.11133504434601378,0.05304141796348665
1157,2.4069999999998726,0.10996660253837505,0.0468366109711005
1158,2.4079999999998725,0.10673299902063657,0.04847544656977468
1159,2.4089999999998724,0.11268209884037811,0.049269760815689255
1160,2.4099999999998722,0.11385028191031699,0.049753388604393475
1161,2.410999999999872,0.10180849664387844,0.042994004917849646
1162,2.411999999999872,0.10740473540342664,0.047402947492106016
1163,2.412999999999872,0.11800587379939331,0.05344149303836747
1164,2.413999999999872,0.11256501421414651,0.04573305609724517
1165,2.4149999999998717,0.10294822548497638,0.042817034584875964
1166,2.4159999999998716,0.10542672362960998,0.047258099502163725
1167,2.4169999999998715,0.11559105575487785,0.050268692087618035
1168,2.4179999999998714,0.11448559298713265,0.049900055738219394
1169,2.4189999999998713,0.11725358140322069,0.0508814207385134
1170,2.419999999999871,0.11038497408177836,0.04745212403156134
1171,2.420999999999871,0.11020043274501386,0.047882916322327454
1172,2.421999999999871,0.11048555316903247,0.04943568968670833
1173,2.422999999999871,0.11167499869070908,0.04876786964054205
1174,2.4239999999998707,0.1189160219984376,0.05305411938245554
1175,2.4249999999998706,0.1223085459327289,0.05372685644651717
1176,2.4259999999998705,0.11139307397384116,0.04617573478580258
1177,2.4269999999998704,0.11637730709729513,0.05262387538144
1178,2.4279999999998703,0.12064312044153923,0.051083802167341444
1179,2.42899999999987,0.19952349756073154,0.14967863070348356
1180,2.42999999999987,0.11104927053318024,0.049949497605960194
1181,2.43099999999987,0.20380327156161085,0.16814748600759255
1182,2.43199999999987,0.1141746137150851,0.049597092611165856
1183,2.4329999999998697,0.11627183160292245,0.04750575030094804
1184,2.4339999999998696,0.11610566289426372,0.048686259775953346
1185,2.4349999999998695,0.11325198219355671,0.048646881794699295
1186,2.4359999999998694,0.11010029909624083,0.0470674046698285
1187,2.4369999999998693,0.12796109471881414,0.053994924228944016
1188,2.437999999999869,0.11332890834980787,0.05040252425659234
1189,2.438999999999869,0.11772491617975316,0.048253187391774165
1190,2.439999999999869,0.11837215166462037,0.05064237227218559
1191,2.440999999999869,0.10422035757795962,0.04404819170619079
1192,2.4419999999998687,0.11372272545518218,0.04546067740149453
1193,2.4429999999998686,0.1116369470648986,0.04854684250007984
1194,2.4439999999998685,0.11032176471446235,0.04472390775757625
1195,2.4449999999998684,0.11299548913658515,0.048169979297253966
1196,2.4459999999998683,0.11611235660071799,0.0504240370356658
1197,2.446999999999868,0.11618066612440131,0.04946776094421796
1198,2.447999999999868,0.11283078649769268,0.04679174452869471
1199,2.448999999999868,0.114453874405478,0.047961867821822934
1200,2.449999999999868,0.122019767395647,0.05234700502922697
1201,2.4509999999998677,0.11767041647898548,0.047957572096488536
1202,2.4519999999998676,0.10960414422790281,0.04938387056613094
1203,2.4529999999998675,0.10599097332399643,0.04746195322508491
1204,2.4539999999998674,0.1134517355637403,0.04876574403983134
1205,2.4549999999998673,0.09880860425921001,0.04407674567123494
1206,2.455999999999867,0.10724816308218112,0.046925276341775186
1207,2.456999999999867,0.22276805328987206,0.17283571475801204
1208,2.457999999999867,0.11106443333041359,0.047332070890754384
1209,2.458999999999867,0.11344789922621558,0.044595464925545274
1210,2.4599999999998667,0.12217791406306057,0.04777889109890177
1211,2.4609999999998666,0.12394065466901345,0.04893264058470728
1212,2.4619999999998665,0.11733838277261108,0.04909675298867987
1213,2.4629999999998664,0.11241329021682218,0.0470328426610723
1214,2.4639999999998663,0.10360424361469509,0.04297239085291982
1215,2.464999999999866,0.12193339884286862,0.05084175507557638
1216,2.465999999999866,0.11870503666904492,0.04448876244289243
1217,2.466999999999866,0.11725922642553398,0.04746056087976714
1218,2.467999999999866,0.11884111015606391,0.05027322848933177
1219,2.4689999999998657,0.12057640439257737,0.04828295799313198
1220,2.4699999999998656,0.11320872830657579,0.046925055439499735
1221,2.4709999999998655,0.11257679719386106,0.044223165283787266
1222,2.4719999999998654,0.12143418755660634,0.0486629669832461
1223,2.4729999999998653,0.11981828393370968,0.04482961701039695
1224,2.473999999999865,0.11525353750677382,0.044913128254379917
1225,2.474999999999865,0.1258880965257635,0.046957599703665885
1226,2.475999999999865,0.13106330931133853,0.048726722804771076
1227,2.476999999999865,0.09752458773902144,0.04169982837878185
1228,2.4779999999998648,0.11539213200440872,0.04316568734335724
1229,2.4789999999998646,0.09908136449309854,0.048191278764227644
1230,2.4799999999998645,0.13083960848695378,0.053028713502278405
1231,2.4809999999998644,0.08607128936883314,0.04945560566029622
1232,2.4819999999998643,0.08618527430414563,0.046890803005094954
1233,2.482999999999864,0.1008585765302719,0.04201616246571492
1234,2.483999999999864,0.1006102070219513,0.05606917589356227
1235,2.484999999999864,0.12327816758123018,0.04463554322645236
1236,2.485999999999864,0.12999791231958616,0.04470883985564412
1237,2.4869999999998638,0.1298949706708899,0.04904161668213388
1238,2.4879999999998637,0.07095011909477428,0.04626768311974613
1239,2.4889999999998635,0.13152531816687274,0.04596141304798079
1240,2.4899999999998634,0.08311067927401913,0.04921537122129391
1241,2.4909999999998633,0.10153238442863209,0.044837478083205616
1242,2.491999999999863,0.06022614110977299,0.04471791018181583
1243,2.492999999999863,0.0911414222303228,0.053457711051996384
1244,2.493999999999863,0.1356962151573122,0.041965092960464294
1245,2.494999999999863,0.08262009177944334,0.04210183824471178
1246,2.4959999999998628,0.07960147346244564,0.04486659828419837
1247,2.4969999999998627,0.07805411307231848,0.04854449368833861
1248,2.4979999999998626,0.08934304425197798,0.042269266388286555
1249,2.4989999999998624,0.09126471614338913,0.08204018372610958
1250,2.4999999999998623,0.14489938003026936,0.052141649114313474
1251,2.5009999999998622,0.13027924764033122,0.04033061900935308
1252,2.501999999999862,0.14467424179064703,0.043518335583226986
1253,2.502999999999862,0.07232863700968546,0.04448025713456958
1254,2.503999999999862,0.14865009312506622,0.0464330382410722
1255,2.504999999999862,0.14998681019007815,0.04557605087747491
1256,2.5059999999998617,0.11073308608625948,0.046328694171643446
1257,2.5069999999998616,0.12714253326719546,0.0445802373499633
1258,2.5079999999998615,0.15194073506223146,0.04807673708160468
1259,2.5089999999998613,0.08845997454615928,0.043943934648477
1260,2.5099999999998612,0.12709199056228712,0.044073247261325055
1261,2.510999999999861,0.13718823486891282,0.0447845047944844
1262,2.511999999999861,0.143974179401835,0.04748618987027739
1263,2.512999999999861,0.10563900611907262,0.04910287542329104
1264,2.513999999999861,0.11952064941919727,0.04480634362195263
1265,2.5149999999998607,0.11012886087096889,0.04901095859885208
1266,2.5159999999998606,0.13185474316343695,0.045488743516939205
1267,2.5169999999998605,0.13512172436670292,0.04757233723897407
1268,2.5179999999998603,0.12756492041086953,0.044253246054515825
1269,2.5189999999998602,0.1258780535177744,0.048863425970878824
1270,2.51999999999986,0.1252010297300466,0.04877390052821043
1271,2.52099999999986,0.12224452959951278,0.04466592646687727
1272,2.52199999999986,0.12560601126077012,0.04847205177809552
1273,2.52299999999986,0.12091874383788787,0.04433541724999937
1274,2.5239999999998597,0.12876069170119941,0.048649225663086
1275,2.5249999999998596,0.12439074543125976,0.04336117020871325
1276,2.5259999999998595,0.11600958800084199,0.042563260900514134
1277,2.5269999999998594,0.12256031361469676,0.04678465496270419
1278,2.5279999999998592,0.13186260207897132,0.04871818606793385
1279,2.528999999999859,0.11937012692238731,0.04441904084844173
1280,2.529999999999859,0.12167171096530302,0.046082140883006495
1281,2.530999999999859,0.13915299376778476,0.05343179381769945
1282,2.531999999999859,0.13795205383215914,0.045227643761927186
1283,2.5329999999998587,0.14047403132383804,0.04887615269968419
1284,2.5339999999998586,0.12666768893168365,0.04793592551245295
1285,2.5349999999998585,0.13775378802781357,0.04595599990559001
1286,2.5359999999998584,0.11152105333531534,0.041031090840073725
1287,2.5369999999998583,0.13579774478303216,0.04518989705240207
1288,2.537999999999858,0.12701221243692326,0.04611606673841947
1289,2.538999999999858,0.13031876403956982,0.05126104882603376
1290,2.539999999999858,0.13149576921946035,0.04636962167453061
1291,2.540999999999858,0.1441220947323213,0.049833666927377326
1292,2.5419999999998577,0.13221472149950023,0.04577675236004364
1293,2.5429999999998576,0.12936136158767186,0.04406995438654232
1294,2.5439999999998575,0.13584726063874786,0.04703193351654567
1295,2.5449999999998574,0.12891419629778209,0.04540777482812202
1296,2.5459999999998573,0.13407594103814657,0.044707216855611104
1297,2.546999999999857,0.14012977108361863,0.05052795045727381
1298,2.547999999999857,0.12621176032823936,0.039985924605347285
1299,2.548999999999857,0.13524663511648297,0.04526415671596732
1300,2.549999999999857,0.13261435233485747,0.04745671124188494
1301,2.5509999999998567,0.12580625765864692,0.04195076382585698
1302,2.5519999999998566,0.13072994798980522,0.042444490989196115
1303,2.5529999999998565,0.13467783453298873,0.04295405408660669
1304,2.5539999999998564,0.12595121742141652,0.04185549270573385
1305,2.5549999999998563,0.13448499002494588,0.04327047200939733
1306,2.555999999999856,0.1516618739997408,0.04922274246488783
1307,2.556999999999856,0.14170547632569536,0.04453184655719153
1308,2.557999999999856,0.13874695186280891,0.04236724656790725
1309,2.558999999999856,0.14111803589982913,0.043983428252300845
1310,2.5599999999998557,0.1330206898550873,0.04600263914698317
1311,2.5609999999998556,0.14004325006065668,0.05024538502430026
1312,2.5619999999998555,0.13610492475111913,0.04448244187239592
1313,2.5629999999998554,0.13873869864959665,0.04804824102607642
1314,2.5639999999998553,0.14430446653119172,0.04390661891022327
1315,2.564999999999855,0.1321048689605732,0.03929227907298979
1316,2.565999999999855,0.1449816272052306,0.04586498053914479
1317,2.566999999999855,0.14459945224903828,0.0458841025231707
1318,2.567999999999855,0.14181498000974138,0.04539715837340685
1319,2.5689999999998547,0.1428477415563941,0.03877589848434298
1320,2.5699999999998546,0.14757262688434578,0.045552049501262924
1321,2.5709999999998545,0.14951409952276015,0.0475906370784683
1322,2.5719999999998544,0.14585876810447337,0.04416085909638458
1323,2.5729999999998543,0.1475757867846209,0.0452427679953183
1324,2.573999999999854,0.15581763721762296,0.044868533183261346
1325,2.574999999999854,0.14727916342884792,0.04151472022297346
1326,2.575999999999854,0.1513413958999052,0.04172651146064412
1327,2.576999999999854,0.15245186772914573,0.045982354776812194
1328,2.5779999999998537,0.148277364958617,0.042608778626969386
1329,2.5789999999998536,0.15830439437828855,0.04722439044792133
1330,2.5799999999998535,0.16214701861174086,0.04658429054305038
1331,2.5809999999998534,0.14396194298998505,0.0393036214626522
1332,2.5819999999998533,0.1589506173921117,0.04854769658526532
1333,2.582999999999853,0.15303654077137718,0.04229111725159305
1334,2.583999999999853,0.1546420064842364,0.04203638795136251
1335,2.584999999999853,0.1694960919331351,0.04886859660418964
1336,2.585999999999853,0.15158051694811142,0.04173272160393619
1337,2.5869999999998528,0.21951515990611656,0.10870851713836273
1338,2.5879999999998526,0.16781794360035104,0.04377657730576308
1339,2.5889999999998525,0.17022265075222925,0.045674511891713294
1340,2.5899999999998524,0.16112374545163427,0.038760490658239194
1341,2.5909999999998523,0.17069519257435667,0.044445607411059275
1342,2.591999999999852,0.1688686552903461,0.04472428439008218
1343,2.592999999999852,0.1730453730940889,0.04545933777300992
1344,2.593999999999852,0.17534969996255778,0.047123311081931706
1345,2.594999999999852,0.1717121959635666,0.041263645185045564
1346,2.5959999999998518,0.17743128113936904,0.04481536530132083
1347,2.5969999999998516,0.17962356166172444,0.04374696848497733
1348,2.5979999999998515,0.1822150603229364,0.046120253038124774
1349,2.5989999999998514,0.1822257587717999,0.04316904919442222
1350,2.5999999999998513,0.2077734641406125,0.05686378349430023
1351,2.600999999999851,0.19154079001595792,0.04815181890578095
1352,2.601999999999851,0.1857043874206133,0.04611269494558456
1353,2.602999999999851,0.1854358348224842,0.04102553250093876
1354,2.603999999999851,0.3126910619607189,0.15238009792054213
1355,2.6049999999998508,0.19932972371725838,0.04486775345785572
1356,2.6059999999998507,0.1971268483843359,0.04455043553628479
1357,2.6069999999998505,0.19933653396847634,0.043669446530017454
1358,2.6079999999998504,0.19493823827572107,0.04306446907014663
1359,2.6089999999998503,0.1926301050708498,0.03870646475282605
1360,2.60999999999985,0.21952799394589875,0.04806765360787711
1361,2.61099999999985,0.20721526358165482,0.04619705617715242
1362,2.61199999999985,0.2169776966176079,0.04199756245961553
1363,2.61299999999985,0.22522765345995382,0.04804945454221205
1364,2.6139999999998498,0.21953165814784076,0.05030981403955666
1365,2.6149999999998497,0.2308174217112549,0.04951564570519203
1366,2.6159999999998496,0.22048042797179984,0.03829422293379393
1367,2.6169999999998494,0.22630735221308454,0.04031728376329594
1368,2.6179999999998493,0.23401947080725924,0.04555489392659912
1369,2.6189999999998492,0.23300433674904117,0.04393965895847687
1370,2.619999999999849,0.24540642973012372,0.04196620449914145
1371,2.620999999999849,0.24837636544606,0.04865348695268357
1372,2.621999999999849,0.263438304467193,0.04479434081601181
1373,2.622999999999849,0.2554655395045277,0.04693176488224917
1374,2.6239999999998487,0.26213104134404824,0.040476248471469856
1375,2.6249999999998486,0.2615883722113172,0.050262402307969675
1376,2.6259999999998485,0.2722521975821812,0.04453498890134925
1377,2.6269999999998483,0.28121974785868376,0.04220892632508711
1378,2.6279999999998482,0.27570746826174597,0.046419865003438414
1379,2.628999999999848,0.293614738812985,0.047906642481268684
1380,2.629999999999848,0.28544291588588516,0.0407110493128663
1381,2.630999999999848,0.30529857481010964,0.048956969622173926
1382,2.631999999999848,0.3144267378744945,0.04815289526803546
1383,2.6329999999998477,0.33667730809658675,0.04845298841345431
1384,2.6339999999998476,0.3142200605275327,0.05019791243979747
1385,2.6349999999998475,0.34763482594860184,0.06035361161529013
1386,2.6359999999998474,0.3459710321930874,0.054038701625606006
1387,2.6369999999998472,0.3555063584036667,0.04603307709090189
1388,2.637999999999847,0.37456051506030347,0.048686685597556546
1389,2.638999999999847,0.373537804211514,0.048815140315936686
1390,2.639999999999847,0.38299201451979176,0.04929458061038866
1391,2.640999999999847,0.3802521778753972,0.05096373591609913
1392,2.6419999999998467,0.3944418470844514,0.05148079257854212
1393,2.6429999999998466,0.42548090500885394,0.04954954806456437
1394,2.6439999999998465,0.4283462482338252,0.045077128407275395
1395,2.6449999999998464,0.4588404183355988,0.05078425244710048
1396,2.6459999999998463,0.45665668846893814,0.04812210180550256
1397,2.646999999999846,0.4892523861522419,0.050937287430572686
1398,2.647999999999846,0.4860929465073029,0.0496480628316264
1399,2.648999999999846,0.537279340227087,0.05209627761623983
1400,2.649999999999846,0.5192045946985467,0.05298038430900261
1401,2.6509999999998457,0.5667340441418875,0.050353141222680725
1402,2.6519999999998456,0.6021748230124031,0.05531964505666176
1403,2.6529999999998455,0.5942788881709933,0.04945560566029618
1404,2.6539999999998454,0.6529532002916444,0.05565590968202436
1405,2.6549999999998453,0.7277449162869932,0.053867708455349245
1406,2.655999999999845,0.7000159584697906,0.056865150676187914
1407,2.656999999999845,1.1676472609885058,0.1788852225892455
1408,2.657999999999845,0.7981087840496675,0.053022848878111616
1409,2.658999999999845,1.0114969269223861,0.20530678339544808
1410,2.6599999999998447,0.8547895066875182,0.051779665976324045
1411,2.6609999999998446,0.9757462509665523,0.05716257443459852
1412,2.6619999999998445,0.9473573967450013,0.05490824176279629
1413,2.6629999999998444,1.0888122773264322,0.057212058905857975
1414,2.6639999999998443,1.3159318823627761,0.05964787698386675
1415,2.664999999999844,1.1971273031198073,0.05881129877283493
1416,2.665999999999844,1.474717434555574,0.06363632867871331
1417,2.666999999999844,1.3732983264248682,0.05539924832705132
1418,2.667999999999844,1.6314405444328086,0.060115587252601424
1419,2.6689999999998437,1.5489145005347822,0.058555169055841905
1420,2.6699999999998436,1.7058141592822447,0.0653558822203446
1421,2.6709999999998435,1.8771384164191602,0.05796570994358086
1422,2.6719999999998434,1.870072186288756,0.06002829462641433
1423,2.6729999999998433,1.9239641427892036,0.06391096317481745
1424,2.673999999999843,1.94540542882704,0.0630849928584812
1425,2.674999999999843,1.90061994874683,0.061250684255771175
1426,2.675999999999843,1.8986894594486718,0.0643880556569626
1427,2.676999999999843,1.8674691699234967,0.06898942795800132
1428,2.6779999999998427,1.766480525406621,0.06682084931459038
1429,2.6789999999998426,1.7772388610458982,0.06764441696935901
1430,2.6799999999998425,1.4561023109188604,0.07125035145765447
1431,2.6809999999998424,1.4502327001940745,0.0709586565462373
1432,2.6819999999998423,1.2913158032765137,0.0707778489506806
1433,2.682999999999842,1.3350141323153266,0.07421954252385823
1434,2.683999999999842,1.1473105890060615,0.07190646963998695
1435,2.684999999999842,1.2215603791047736,0.07827051894929413
1436,2.685999999999842,1.1023165147845406,0.0765614397455885
1437,2.6869999999998417,0.9736605306842475,0.08062175934214007
1438,2.6879999999998416,0.9824189022396509,0.07857895188627141
1439,2.6889999999998415,0.9071041507776304,0.08299802017943883
1440,2.6899999999998414,0.8992315505253076,0.08258923770020307
1441,2.6909999999998413,0.8291292788260146,0.08468565266043768
1442,2.691999999999841,0.8297145760089809,0.08520440389826675
1443,2.692999999999841,0.7982148191334272,0.08686337510681633
1444,2.693999999999841,0.7759319467914497,0.08635026875896806
1445,2.694999999999841,0.7500549063822474,0.09155824577087493
1446,2.6959999999998407,0.68930260267044,0.09480152136797824
1447,2.6969999999998406,0.687654881058577,0.09335719728277429
1448,2.6979999999998405,0.6464282569167511,0.09438290714741712
1449,2.6989999999998404,0.6468037558806371,0.09679937768358815
1450,2.6999999999998403,0.608388735853177,0.09468783222799608
1451,2.70099999999984,0.6808794471885498,0.14996255474109152
1452,2.70199999999984,0.5826969785557237,0.10339728736473068
1453,2.70299999999984,0.5812546858732431,0.11524410344728836
1454,2.70399999999984,0.5512532284723887,0.1054226103462735
1455,2.7049999999998398,0.5547898946574329,0.11048551874462713
1456,2.7059999999998396,0.5105209864669777,0.11041015467578129
1457,2.7069999999998395,0.5204064826901564,0.11438732033869584
1458,2.7079999999998394,0.48873743968523453,0.11208762636514155
1459,2.7089999999998393,0.49396900206086247,0.11734797772327658
1460,2.709999999999839,0.46867576734676475,0.11729022586915148
1461,2.710999999999839,0.47625733403198717,0.12116659181735638
1462,2.711999999999839,0.46352632977069247,0.12383254582817775
1463,2.712999999999839,0.4651778680280477,0.125007641367732
1464,2.7139999999998388,0.44287438968730175,0.12871085331182514
1465,2.7149999999998387,0.4243925293647555,0.130659959198555
1466,2.7159999999998385,0.4354146669294535,0.13571532008247444
1467,2.7169999999998384,0.421237762742562,0.13730987559783892
1468,2.7179999999998383,0.41537176532551584,0.13838768057897569
1469,2.718999999999838,0.40803732766418294,0.14443500415805538
1470,2.719999999999838,0.4084285836582363,0.14488789760455034
1471,2.720999999999838,0.39664924267600943,0.1489103002304198
1472,2.721999999999838,0.3875580138357954,0.15655953653336388
1473,2.7229999999998378,0.3872976452526638,0.15502380112415473
1474,2.7239999999998377,0.38083272174119015,0.16332710143509782
1475,2.7249999999998376,0.3760217146370027,0.16102662890438135
1476,2.7259999999998374,0.36962419692905785,0.17067144949991028
1477,2.7269999999998373,0.39088509069613425,0.23626493683360136
1478,2.727999999999837,0.35970849922872555,0.17445311057472548
1479,2.728999999999837,0.3682253033622563,0.17824631609065636
1480,2.729999999999837,0.3563312259593407,0.19939318129290204
1481,2.730999999999837,0.3542965430340094,0.1950101666098381
1482,2.731999999999837,0.34411196527325444,0.191193564190392
1483,2.7329999999998367,0.3386851126371511,0.20068646201099063
1484,2.7339999999998366,0.34523772049713763,0.21548061756854492
1485,2.7349999999998365,0.3313348012905787,0.20794745224801753
1486,2.7359999999998363,0.32846859696004094,0.2186700030962236
1487,2.7369999999998362,0.33600903224520884,0.22469964320349187
1488,2.737999999999836,0.32279602830074866,0.23027864725851938
1489,2.738999999999836,0.3197843786258858,0.24322011061164106
1490,2.739999999999836,0.3222495610332879,0.24377937893909568
1491,2.740999999999836,0.3193927493807177,0.25793192095940154
1492,2.7419999999998357,0.3146877874080564,0.25716235025459616
1493,2.7429999999998356,0.3121685711295719,0.2760520358815334
1494,2.7439999999998355,0.31681402227333383,0.2740579222299153
1495,2.7449999999998353,0.32713414904954413,0.3170210725171056
1496,2.7459999999998352,0.30705260022388403,0.30484288776963625
1497,2.746999999999835,0.30874947614966974,0.3054941973396574
1498,2.747999999999835,0.3031984395554101,0.32440600293834854
1499,2.748999999999835,0.30302099192684856,0.3248420814975187
1500,2.749999999999835,0.3010197736146252,0.3447593511727603
1501,2.7509999999998347,0.2991585234092813,0.36535150718103127
1502,2.7519999999998346,0.29278166954587476,0.36729565585592483
1503,2.7529999999998345,0.2976132320813007,0.3961884221738984
1504,2.7539999999998344,0.29728589499295893,0.39481815913157714
1505,2.7549999999998342,0.2951565415396756,0.42357489339438265
1506,2.755999999999834,0.29316585188758687,0.42061261510383885
1507,2.756999999999834,0.28998971707681703,0.4515691094702523
1508,2.757999999999834,0.2824215887311419,0.47881108377817766
1509,2.758999999999834,0.28537142929575793,0.47881943217735223
1510,2.7599999999998337,0.28181901080453875,0.5184486225597174
1511,2.7609999999998336,0.2866616690682408,0.5277955122127642
1512,2.7619999999998335,0.2935582771831763,0.7199680899976397
1513,2.7629999999998334,0.28281172398351134,0.5636523091931603
1514,2.7639999999998333,0.2869935999666842,0.5747549799332513
1515,2.764999999999833,0.2813667046604084,0.6887038940761528
1516,2.765999999999833,0.27948537627437675,0.678774501536405
1517,2.766999999999833,0.27793475122469524,0.7485835593396303
1518,2.767999999999833,0.2777824721831395,0.7390194835495448
1519,2.7689999999998327,0.2793656964301704,0.882492066080853
1520,2.7699999999998326,0.2747903926674095,0.9153546327248254
1521,2.7709999999998325,0.27235210818769107,0.9139213132256698
1522,2.7719999999998324,0.27546525820002915,0.9126368708689598
1523,2.7729999999998323,0.27621499552801565,1.0158424343843093
1524,2.773999999999832,0.27331189506661485,1.1380876963149473
1525,2.774999999999832,0.2723603123293489,1.1374488112346217
1526,2.775999999999832,0.26996155222344154,1.3083673628406614
1527,2.776999999999832,0.26626418044989236,1.410853104589506
1528,2.7779999999998317,0.2648273993074279,1.3988242232977839
1529,2.7789999999998316,0.2599432877639777,1.5300299926325083
1530,2.7799999999998315,0.2600364557076981,1.5672228295050907
1531,2.7809999999998314,0.24840748781681302,1.6597370766691952
1532,2.7819999999998313,0.24659665400384448,1.7298247950564936
1533,2.782999999999831,0.24838348409365293,1.7105877622082044
1534,2.783999999999831,0.24222451241698922,1.6291016080976362
1535,2.784999999999831,0.23555565788349356,1.6789004607367055
1536,2.785999999999831,0.23954137058647404,1.618268026890197
1537,2.7869999999998307,0.23472083026338394,1.61001800880093
1538,2.7879999999998306,0.23566697088012936,1.498960867088291
1539,2.7889999999998305,0.23180916507434307,1.4578240317559286
1540,2.7899999999998304,0.2333059206832793,1.3857552911919033
1541,2.7909999999998303,0.23195895694254967,1.3831427097115336
1542,2.79199999999983,0.2324978933023894,1.2733894097941758
1543,2.79299999999983,0.2340189394323219,1.1721887859123832
1544,2.79399999999983,0.23214955519419678,1.169908295899295
1545,2.79499999999983,0.23420942092850747,1.0753747200202473
1546,2.7959999999998297,0.2339795257606786,1.0760898989281185
1547,2.7969999999998296,0.23453685600531884,1.0767203651273454
1548,2.7979999999998295,0.2314219727532183,1.0755245635802226
1549,2.7989999999998294,0.23324937146575364,1.0759017710390237
1550,2.7999999999998293,0.2332382421380645,1.0755871302716489
