,f_kHz,A_ch1,A_ch2
0,1.25,0.21897054114559192,0.1551197246609633
1,1.251,0.09466691155439963,0.09697878157783509
2,1.2519999999999998,0.09258646137389052,0.08506523409295344
3,1.2529999999999997,0.08758851460180116,0.06780650464622648
4,1.2539999999999996,0.0941977886452878,0.08131373314635751
5,1.2549999999999994,0.09447548360949413,0.07769660357113309
6,1.2559999999999993,0.09699597472175306,0.07423376953699047
7,1.2569999999999992,0.10253829355008284,0.07976046901074196
8,1.2579999999999991,0.08896190881912892,0.08581563102360659
9,1.258999999999999,0.0869826052234092,0.08275913066039225
10,1.259999999999999,0.10185155566487594,0.08191457343974307
11,1.2609999999999988,0.12276885164476906,0.08693912006326754
12,1.2619999999999987,0.09796468048135837,0.08569860909440342
13,1.2629999999999986,0.08885701114527889,0.08260743482229425
14,1.2639999999999985,0.09513956220365286,0.08580687312779958
15,1.2649999999999983,0.13748915217892793,0.10221039860651175
16,1.2659999999999982,0.09156370161386289,0.08458228046085574
17,1.2669999999999981,0.10043592488301442,0.0849268279426635
18,1.267999999999998,0.10548881395202582,0.08536540423649158
19,1.268999999999998,0.09587357878573634,0.08453128272531578
20,1.2699999999999978,0.09956442656497216,0.08689834825651113
21,1.2709999999999977,0.10007204453142778,0.08617927611587757
22,1.2719999999999976,0.11417693945539673,0.08696285878157027
23,1.2729999999999975,0.10167538827982195,0.08896335445272464
24,1.2739999999999974,0.12201084983037179,0.09168642998552949
25,1.2749999999999972,0.09736475261909659,0.08727898074950521
26,1.2759999999999971,0.10166086377395375,0.08837368091873062
27,1.276999999999997,0.0995565161736409,0.08833144427924804
28,1.277999999999997,0.10193195161239914,0.0895847475689975
29,1.2789999999999968,0.10999194873185399,0.08901508818606906
30,1.2799999999999967,0.11123201931026376,0.09039503257344668
31,1.2809999999999966,0.1152915639569028,0.0923005389534643
32,1.2819999999999965,0.10995472833436055,0.09133902320778767
33,1.2829999999999964,0.10444155412916949,0.09086910930229564
34,1.2839999999999963,0.10850120825941742,0.09095515226547611
35,1.2849999999999961,0.10809030976159233,0.09128055821667384
36,1.285999999999996,0.10928164521267832,0.0917195075890506
37,1.286999999999996,0.11314450910708845,0.09331455026834022
38,1.2879999999999958,0.121231175090332,0.09547605007512204
39,1.2889999999999957,0.11790967738918726,0.09358114909476468
40,1.2899999999999956,0.12248329468013508,0.09726312793002055
41,1.2909999999999955,0.11851850979958664,0.09436632167817018
42,1.2919999999999954,0.11930692250112039,0.09594122686396868
43,1.2929999999999953,0.1200440495994246,0.0955724119900417
44,1.2939999999999952,0.11631067223019798,0.09641906359989533
45,1.294999999999995,0.12412225812031058,0.09766568351013521
46,1.295999999999995,0.12603206799402647,0.09676001550807703
47,1.2969999999999948,0.13206402341890408,0.09755851990683052
48,1.2979999999999947,0.1698733219293766,0.1273554510454432
49,1.2989999999999946,0.13176909973701723,0.10016163871177046
50,1.2999999999999945,0.23181707185632938,0.1347152160848876
51,1.3009999999999944,0.14086751858173593,0.10192203081463477
52,1.3019999999999943,0.14432826994585266,0.10220137209150837
53,1.3029999999999942,0.13731814263251493,0.10134096691399123
54,1.303999999999994,0.14164930275970936,0.10081511258714301
55,1.304999999999994,0.14913183128612198,0.10321416369495857
56,1.3059999999999938,0.14507908728762542,0.10128544815625036
57,1.3069999999999937,0.15444963326794162,0.10391526227934716
58,1.3079999999999936,0.15146154240438772,0.10420716646146248
59,1.3089999999999935,0.18598736656983206,0.10576552071880502
60,1.3099999999999934,0.15830767554453168,0.1039891531012245
61,1.3109999999999933,0.18543614916260473,0.11423598536315417
62,1.3119999999999932,0.162316799975558,0.10533684671601787
63,1.312999999999993,0.17169577270275707,0.10536946356423049
64,1.313999999999993,0.18068605844239274,0.11022955968552643
65,1.3149999999999928,0.17646750490869814,0.10614138764910258
66,1.3159999999999927,0.1931794159966877,0.10938941099099808
67,1.3169999999999926,0.18848614843088257,0.10982425885015473
68,1.3179999999999925,0.20075114818342976,0.11195841497705909
69,1.3189999999999924,0.2008424938089661,0.10989862166522532
70,1.3199999999999923,0.20792639260058177,0.11048861479845125
71,1.3209999999999922,0.22420592732032066,0.11151868982544452
72,1.321999999999992,0.22384889288567866,0.11341499467641361
73,1.322999999999992,0.23344645697562327,0.11177304153770654
74,1.3239999999999919,0.2373682759452708,0.1131631999716141
75,1.3249999999999917,0.25802045431771076,0.11387612998526844
76,1.3259999999999916,0.253024673019232,0.11343310141130382
77,1.3269999999999915,0.2704942279872337,0.11541676253769356
78,1.3279999999999914,0.27318065343755893,0.11311838670034849
79,1.3289999999999913,0.3042189848821957,0.11610974163388056
80,1.3299999999999912,0.3308109173475456,0.11945205761337319
81,1.330999999999991,0.3273695163154708,0.11608019850039689
82,1.331999999999991,0.32766916543773816,0.11691216516570793
83,1.3329999999999909,0.3628967905486369,0.11591107644874314
84,1.3339999999999907,0.4051308613687578,0.12015112844126914
85,1.3349999999999906,0.40619672444858135,0.1196379986394465
86,1.3359999999999905,0.4652556631521384,0.12396614627603317
87,1.3369999999999904,0.5263852378521034,0.12135829809962402
88,1.3379999999999903,0.5272279312437695,0.11991839556324004
89,1.3389999999999902,0.6124943047736972,0.12361789780624734
90,1.33999999999999,0.6115427296636443,0.12312897304259414
91,1.34099999999999,0.2530140500559788,0.15311308857853242
92,1.3419999999999899,0.7069998866348588,0.12230320105320422
93,1.3429999999999898,0.711835336367504,0.1379717938392288
94,1.3439999999999896,0.8151071202384903,0.12403867464921524
95,1.3449999999999895,0.9079180337006495,0.12388794867143306
96,1.3459999999999894,0.8673513156265644,0.12477615775620178
97,1.3469999999999893,0.9334551687434026,0.12748463802722926
98,1.3479999999999892,0.882576876941972,0.12823795214821673
99,1.348999999999989,0.8809472480168122,0.13089553963275236
100,1.349999999999989,0.8916822528503807,0.1343709499970281
101,1.3509999999999889,0.7825068186155427,0.1320008964743382
102,1.3519999999999888,0.7568420817026985,0.13238721326854236
103,1.3529999999999887,0.5822183867297483,0.13812714178731578
104,1.3539999999999885,0.5818148308849915,0.13693390800058702
105,1.3549999999999884,0.5018137911577912,0.13813036872340195
106,1.3559999999999883,0.5068503245984729,0.14003314032226646
107,1.3569999999999882,0.4390964872993375,0.14171465126055616
108,1.357999999999988,0.4447586521252252,0.13844408162375246
109,1.358999999999988,0.39708932106882805,0.14565049157420537
110,1.3599999999999879,0.3581622213756772,0.1483520744088168
111,1.3609999999999878,0.35530144003718445,0.14706935522599685
112,1.3619999999999877,0.3302462520731275,0.15373835722768267
113,1.3629999999999876,0.32534201807861407,0.15049712449246597
114,1.3639999999999874,0.3035469896884692,0.1533567529137157
115,1.3649999999999873,0.2700571924330708,0.15514739609684058
116,1.3659999999999872,0.2787156037676955,0.15759180541361656
117,1.3669999999999871,0.27677571302068465,0.15783669928420985
118,1.367999999999987,0.2612920323820502,0.1571400527804229
119,1.368999999999987,0.24050558669783118,0.16073791163334192
120,1.3699999999999868,0.24394522206808925,0.16303552779126798
121,1.3709999999999867,0.22880525148145361,0.16437707978077593
122,1.3719999999999866,0.21045843265143468,0.16638144222859655
123,1.3729999999999865,0.21219443335188085,0.16629095529936272
124,1.3739999999999863,0.2242184986425806,0.17201334852511407
125,1.3749999999999862,0.20105194159829032,0.1727038312078429
126,1.3759999999999861,0.18229961424827648,0.17702182655343476
127,1.376999999999986,0.1911316628824689,0.1752654193229701
128,1.377999999999986,0.1856333379825989,0.17948484632482958
129,1.3789999999999858,0.1789062707913999,0.1777965392637239
130,1.3799999999999857,0.17194787063484937,0.18816467512393245
131,1.3809999999999856,0.1744110895388054,0.18755091492342638
132,1.3819999999999855,0.16988767973670044,0.1858272512962437
133,1.3829999999999854,0.16404361172725987,0.19088064743799446
134,1.3839999999999852,0.16360240651569097,0.18926784956055664
135,1.3849999999999851,0.15847999257797327,0.1947610800115385
136,1.385999999999985,0.15496594012919954,0.19215318312275176
137,1.386999999999985,0.1480129563132012,0.19692831334957098
138,1.3879999999999848,0.14933580863367985,0.2032913839819402
139,1.3889999999999847,0.14745432771173775,0.20414480092179918
140,1.3899999999999846,0.1411238644906357,0.20868283230720827
141,1.3909999999999845,0.14267839741265037,0.20897280114810904
142,1.3919999999999844,0.1381256921414798,0.21417414929437778
143,1.3929999999999843,0.14062370313320915,0.21355337579652148
144,1.3939999999999841,0.13237960336461438,0.21642603616998882
145,1.394999999999984,0.13752845241272715,0.21886716307744794
146,1.395999999999984,0.13426717344918174,0.2248046442588386
147,1.3969999999999838,0.12411820890868326,0.22946738504953185
148,1.3979999999999837,0.12428648425857121,0.22856098722028034
149,1.3989999999999836,0.13020564062631562,0.23785240359584697
150,1.3999999999999835,0.12394944384468742,0.23678317791318804
151,1.4009999999999834,0.12017235535183698,0.24326623632525085
152,1.4019999999999833,0.12269011602445262,0.24352815444986986
153,1.4029999999999831,0.12350328267536739,0.2508903760712371
154,1.403999999999983,0.11608621548779173,0.2576599632192341
155,1.404999999999983,0.11377483539845892,0.2576763718493121
156,1.4059999999999828,0.11760991118022021,0.26623208799456805
157,1.4069999999999827,0.11666776124312005,0.2650358330959024
158,1.4079999999999826,0.1106186576410693,0.27380290988451694
159,1.4089999999999825,0.11648975943553652,0.2822788663243831
160,1.4099999999999824,0.11128347973092881,0.2834260063552184
161,1.4109999999999823,0.11116066882716034,0.2924730424570802
162,1.4119999999999822,0.10724362169519337,0.2942833542729399
163,1.412999999999982,0.11714243731608477,0.3032967282922194
164,1.413999999999982,0.10977661454282941,0.30293474511746155
165,1.4149999999999818,0.1122118729741336,0.3239791121714834
166,1.4159999999999817,0.10289194173849683,0.3257882859818142
167,1.4169999999999816,0.11819517141471673,0.3239772084332279
168,1.4179999999999815,0.11015144154461208,0.3394377764421243
169,1.4189999999999814,0.10267816816192504,0.33605680109156966
170,1.4199999999999813,0.11135663597002382,0.35143269823804196
171,1.4209999999999812,0.1119032335076856,0.35085262214628554
172,1.421999999999981,0.10013519133641963,0.36792672560870604
173,1.422999999999981,0.08852073739464966,0.3798891778801389
174,1.4239999999999808,0.11249635152200238,0.38166528079619755
175,1.4249999999999807,0.1112766352373815,0.39774343701385617
176,1.4259999999999806,0.09757419709994787,0.3964427985438843
177,1.4269999999999805,0.10371171109205055,0.41572763837063753
178,1.4279999999999804,0.1672513624213471,0.5829713257887899
179,1.4289999999999803,0.09622081361078197,0.436103010082047
180,1.4299999999999802,0.0936983410805807,0.4358467578811823
181,1.43099999999998,0.09563982648779161,0.4582766236999002
182,1.43199999999998,0.09629488041650126,0.48320208199883014
183,1.4329999999999798,0.0955521710688507,0.48368353580016693
184,1.4339999999999797,0.09619292959372097,0.5074422995028384
185,1.4349999999999796,0.09581458581342463,0.5281884962750916
186,1.4359999999999795,0.08734556670964044,0.5357242293782053
187,1.4369999999999794,0.10492985113227837,0.5191747095668432
188,1.4379999999999793,0.0938238940177226,0.5667808339598169
189,1.4389999999999792,0.10568559098782651,0.6290448793880159
190,1.439999999999979,0.09994048583013355,0.603643013949759
191,1.440999999999979,0.0975966166094134,0.6497590606183531
192,1.4419999999999789,0.08907548127513441,0.6463812685799198
193,1.4429999999999787,0.08954174158381355,0.6906929084304533
194,1.4439999999999786,0.08653469621288631,0.7469945320478453
195,1.4449999999999785,0.09114683697031654,0.7476891996261027
196,1.4459999999999784,0.09349302968484188,0.8053225015608176
197,1.4469999999999783,0.09253853143773759,0.8027053905221143
198,1.4479999999999782,0.09496342425199948,0.8722245526159166
199,1.448999999999978,0.08586448608496237,0.8720956923024138
200,1.449999999999978,0.08860697214241761,1.0089558903966318
201,1.4509999999999779,0.10076339022796525,1.038750594648898
202,1.4519999999999778,0.09951549696006193,1.0382621887237502
203,1.4529999999999776,0.08790694588065791,1.1361847330628145
204,1.4539999999999775,0.08446789158320438,1.1378430649039695
205,1.4549999999999774,0.10739117877712627,1.250614721321656
206,1.4559999999999773,0.09014706081616847,1.2440647162373741
207,1.4569999999999772,0.08401898732658804,1.3795792632456767
208,1.457999999999977,0.08719880460242004,1.361380316495397
209,1.458999999999977,0.09701246612690907,1.4984628082174805
210,1.4599999999999769,0.08353216823734477,1.5915878455117167
211,1.4609999999999768,0.08531585877349383,1.5802402852001451
212,1.4619999999999767,0.08854211377124817,1.6675817375166786
213,1.4629999999999765,0.10897854260384768,0.9019936571754167
214,1.4639999999999764,0.07677886695803939,1.6815309244806047
215,1.4649999999999763,0.09354787883613222,1.6288912651476581
216,1.4659999999999762,0.08137669014686315,1.6475329949628938
217,1.466999999999976,0.07816634948053301,1.5804486570236798
218,1.467999999999976,0.07216440421961592,1.5924645964885022
219,1.4689999999999759,0.08145674881607233,1.4860902464108139
220,1.4699999999999758,0.08389772107234551,1.4788653429256535
221,1.4709999999999757,0.07798958040016284,1.3711297425602222
222,1.4719999999999756,0.0800565088418657,1.3695369413268603
223,1.4729999999999754,0.08823594352071186,1.2514813956101862
224,1.4739999999999753,0.08833464289458758,1.2522879952752004
225,1.4749999999999752,0.07102734047989963,1.1464109031086314
226,1.475999999999975,0.08431476875504804,1.0498589650550159
227,1.476999999999975,0.07616040064215426,1.051025837635066
228,1.477999999999975,0.07396423582472555,0.9631900129080967
229,1.4789999999999748,0.07146921868076238,0.9633506227549407
230,1.4799999999999747,0.07908759828040408,0.8915172840034137
231,1.4809999999999746,0.08151651875349161,0.8873327883582498
232,1.4819999999999744,0.08118640990994856,0.8219009765393879
233,1.4829999999999743,0.08960895546073967,0.7492912988199842
234,1.4839999999999742,0.08159883729927699,0.7695281078315189
235,1.4849999999999741,0.08437926892909489,0.7196246826308763
236,1.485999999999974,0.07693567418622162,0.673787081082098
237,1.486999999999974,0.07742816696415473,0.6678287526611383
238,1.4879999999999738,0.08192949784647621,0.6268790559447466
239,1.4889999999999737,0.0880219384039027,0.6333145357020393
240,1.4899999999999736,0.08488479318099514,0.5971654749792631
241,1.4909999999999735,0.07716417748518685,0.5936558776064457
242,1.4919999999999733,0.07169592091117734,0.5639823780933504
243,1.4929999999999732,0.08295767452674754,0.5652529132278171
244,1.4939999999999731,0.07094865852381226,0.5247332230680216
245,1.494999999999973,0.07303256290196337,0.5088207876972124
246,1.495999999999973,0.06967364906111534,0.5090772618945408
247,1.4969999999999728,0.07741570250076071,0.4856540585859537
248,1.4979999999999727,0.06526627064209051,0.4850445966698443
249,1.4989999999999726,0.06949332052438541,0.4638424477330097
250,1.4999999999999725,0.10400336118594525,0.4097824827297389
251,1.5009999999999724,0.07127144405500749,0.44359812845328955
252,1.5019999999999722,0.08278148212129503,0.4245148462410211
253,1.5029999999999721,0.07118837389642939,0.4247173009057183
254,1.503999999999972,0.067717992504077,0.4079323271825192
255,1.504999999999972,0.08974105266872089,0.4092230582899233
256,1.5059999999999718,0.0793479312018773,0.39234993177759003
257,1.5069999999999717,0.07972535893476393,0.37814232688480554
258,1.5079999999999716,0.07582233152950192,0.37806925145703946
259,1.5089999999999715,0.07638525404958914,0.37924132984351755
260,1.5099999999999714,0.07802370452910405,0.3649010633721369
261,1.5109999999999713,0.07000174036565644,0.351828610845891
262,1.5119999999999711,0.06986005764650847,0.35152928452434107
263,1.512999999999971,0.08307663327372741,0.3437112878160446
264,1.513999999999971,0.07935811717300244,0.3411141518702136
265,1.5149999999999708,0.0865098591763618,0.33462394847315885
266,1.5159999999999707,0.07479734637320923,0.3307581234737686
267,1.5169999999999706,0.08965440614677639,0.32422028452625157
268,1.5179999999999705,0.09173628545322433,0.31348003882134745
269,1.5189999999999704,0.081225330887026,0.31480599054268205
270,1.5199999999999703,0.14143069591594684,0.46613341314829526
271,1.5209999999999702,0.06839941595545339,0.30266515698627267
272,1.52199999999997,0.07189207737865602,0.2952503630922482
273,1.52299999999997,0.08253639061000827,0.28903317713783716
274,1.5239999999999698,0.0673879512632737,0.2858611771354162
275,1.5249999999999697,0.07224692586770748,0.28143250696477096
276,1.5259999999999696,0.07380924134618876,0.2808907542805828
277,1.5269999999999695,0.07480643771643426,0.2731487074499169
278,1.5279999999999694,0.07496350022441167,0.2724303784802724
279,1.5289999999999693,0.07494253724509878,0.26024577427737716
280,1.5299999999999692,0.07733328615668442,0.2585891288408645
281,1.530999999999969,0.1312290949706785,0.366754679671849
282,1.531999999999969,0.06412421171132764,0.25853101223817365
283,1.5329999999999688,0.09419983755193456,0.24599016431624607
284,1.5339999999999687,0.07711044130077727,0.2457025897671352
285,1.5349999999999686,0.07055696180766713,0.2485209741743166
286,1.5359999999999685,0.07697467462926778,0.24410414946061088
287,1.5369999999999684,0.07917201692117627,0.24298772429555043
288,1.5379999999999683,0.06959998806323556,0.23671605684252825
289,1.5389999999999682,0.07217689616150703,0.23657755127591926
290,1.539999999999968,0.06582861124847644,0.23541718063616263
291,1.540999999999968,0.07494746312170666,0.22684743994046588
292,1.5419999999999678,0.06560785475936744,0.22691542445215837
293,1.5429999999999677,0.07686816360144842,0.2217727798285127
294,1.5439999999999676,0.06411756544562386,0.22087201055540712
295,1.5449999999999675,0.07119274076561578,0.2172226083575504
296,1.5459999999999674,0.07571142788211047,0.21730825494606965
297,1.5469999999999673,0.0743197874945178,0.2128020629979466
298,1.5479999999999672,0.0734493842506589,0.21366762654263613
299,1.548999999999967,0.06626555284565265,0.20824550113314724
300,1.549999999999967,0.06704554446168166,0.2055916442555206
301,1.5509999999999668,0.07384278881783517,0.20630440886508722
302,1.5519999999999667,0.06320972471075109,0.20151204318005897
303,1.5529999999999666,0.06312417161317523,0.20036606657938089
304,1.5539999999999665,0.06754462084682664,0.19810321130027084
305,1.5549999999999664,0.06416136962365997,0.19802277047066824
306,1.5559999999999663,0.07251250769531574,0.195444157360743
307,1.5569999999999662,0.07347574492043989,0.19178297341914735
308,1.557999999999966,0.0702005457496199,0.19207202461042355
309,1.558999999999966,0.0656670587311915,0.18807758619965473
310,1.5599999999999659,0.07279272807617192,0.18904901273932748
311,1.5609999999999657,0.06315270902707076,0.18431079214249502
312,1.5619999999999656,0.06398052711367652,0.18340906319216782
313,1.5629999999999655,0.0807264152165808,0.1815943061660344
314,1.5639999999999654,0.10923137625692249,0.2645167343526483
315,1.5649999999999653,0.0684098688082543,0.1780931869247343
316,1.5659999999999652,0.0661539593550322,0.1752669274852755
317,1.566999999999965,0.06456578640216037,0.17397341292779242
318,1.567999999999965,0.08584312196321146,0.17360748574907423
319,1.5689999999999649,0.07319491855311853,0.17134676399146131
320,1.5699999999999648,0.07069259388618832,0.1682549726378904
321,1.5709999999999646,0.0752275327362181,0.17014627852163614
322,1.5719999999999645,0.06940886877376547,0.16535026583729437
323,1.5729999999999644,0.08889537142660886,0.1643337586596263
324,1.5739999999999643,0.07047415228142835,0.16258274652884297
325,1.5749999999999642,0.08404616335402992,0.1614685512815609
326,1.575999999999964,0.06856964409916101,0.16018553867482782
327,1.576999999999964,0.0762347741336877,0.15664790253389246
328,1.5779999999999639,0.08171241896460786,0.15605346673860812
329,1.5789999999999638,0.0752676075791681,0.15578727337851217
330,1.5799999999999637,0.07222578419647778,0.15331383366571866
331,1.5809999999999635,0.07870540071239789,0.15273885521394776
332,1.5819999999999634,0.07752725916354765,0.152762945978322
333,1.5829999999999633,0.07107920609282274,0.14992318397030388
334,1.5839999999999632,0.09081059814240465,0.16495346094349758
335,1.584999999999963,0.07717634689073859,0.14967066625697403
336,1.585999999999963,0.07151386312072304,0.14698669078369211
337,1.5869999999999629,0.07086023797352285,0.14842863598858533
338,1.5879999999999628,0.06980856657423605,0.14798377703393228
339,1.5889999999999627,0.07710595599518713,0.14771141859612502
340,1.5899999999999626,0.07198381922464711,0.14731685914546258
341,1.5909999999999624,0.07244673990935493,0.1454708111423356
342,1.5919999999999623,0.06612240752078784,0.14299859295793604
343,1.5929999999999622,0.07286401476586989,0.14489903122915984
344,1.5939999999999621,0.08214373235909403,0.14614271340435894
345,1.594999999999962,0.08122596878045786,0.1476799849347153
346,1.595999999999962,0.07591324819796491,0.1440948068304754
347,1.5969999999999618,0.06910100369411167,0.14222261838243158
348,1.5979999999999617,0.06487330998189896,0.14226597826574128
349,1.5989999999999616,0.07305242493789574,0.1442174087703159
350,1.5999999999999615,0.06502860800973438,0.14208976922757088
351,1.6009999999999613,0.07409090368026312,0.14317900483127696
352,1.6019999999999612,0.07028435955394277,0.141850783938104
353,1.6029999999999611,0.07116888347688224,0.14204639204382016
354,1.603999999999961,0.06490644692644586,0.14163877843030018
355,1.604999999999961,0.06358746354757386,0.1402828981541555
356,1.6059999999999608,0.059270319854467166,0.1396336249023251
357,1.6069999999999607,0.06352866636927454,0.14101776626986462
358,1.6079999999999606,0.07183769729206892,0.14087890638690873
359,1.6089999999999605,0.06418427967378784,0.13908907954269573
360,1.6099999999999604,0.07791806226413629,0.1400723400339684
361,1.6109999999999602,0.07827506569551873,0.13953533864144732
362,1.6119999999999601,0.07424026790688082,0.13754521075806644
363,1.61299999999996,0.0658442725571673,0.13864388872205083
364,1.61399999999996,0.07716103830645783,0.1369743635928987
365,1.6149999999999598,0.0774177270668863,0.13850116135770676
366,1.6159999999999597,0.06544526249464754,0.1357342608907143
367,1.6169999999999596,0.0660239928806501,0.13555539208332282
368,1.6179999999999595,0.0643885341708554,0.13441317955187398
369,1.6189999999999594,0.12230224430585762,0.18288515086937995
370,1.6199999999999593,0.05902269192161127,0.1345659339429989
371,1.6209999999999591,0.0686211021127817,0.13319526630603393
372,1.621999999999959,0.05611496288221645,0.13286861507177333
373,1.622999999999959,0.052693453813762045,0.1305156588473776
374,1.6239999999999588,0.06870848286367813,0.13332026215132098
375,1.6249999999999587,0.06260837734862706,0.1314236252360059
376,1.6259999999999586,0.06135800045984106,0.13102641812795357
377,1.6269999999999585,0.06955545605272338,0.1313597219514862
378,1.6279999999999584,0.07504976175645547,0.13491666551859877
379,1.6289999999999583,0.06093977939666752,0.12863809854341104
380,1.6299999999999581,0.09214486076892144,0.14452278617758443
381,1.630999999999958,0.05913606761185467,0.12669755928010235
382,1.631999999999958,0.06930575734117694,0.12797983467230917
383,1.6329999999999578,0.07293388200457937,0.127252039614824
384,1.6339999999999577,0.05897779455758111,0.1252634012158984
385,1.6349999999999576,0.06957765115244065,0.1258068896500282
386,1.6359999999999575,0.062206206932461816,0.12587575313762753
387,1.6369999999999574,0.06588366513356556,0.12476422542756552
388,1.6379999999999573,0.06339405344486843,0.12467487843706335
389,1.6389999999999572,0.06242033823588745,0.12405449965334343
390,1.639999999999957,0.06472288305285202,0.12227954136986285
391,1.640999999999957,0.062339831693902364,0.1234187409570177
392,1.6419999999999568,0.06418218076723976,0.12177330558835305
393,1.6429999999999567,0.06945603117549966,0.1243400369905267
394,1.6439999999999566,0.0640296041952717,0.12047456437843305
395,1.6449999999999565,0.06310799947307404,0.12116121270330699
396,1.6459999999999564,0.0691833411023426,0.12095672552131115
397,1.6469999999999563,0.06140157933258386,0.12197890953994618
398,1.6479999999999562,0.046540872063482716,0.11903055732765314
399,1.648999999999956,0.06622106711685269,0.12023647668507105
400,1.649999999999956,0.06623593160678609,0.1217039413928725
401,1.6509999999999558,0.06686539281056952,0.11746640766358205
402,1.6519999999999557,0.058870451260361945,0.12032174285070409
403,1.6529999999999556,0.0762103026434105,0.1218472881137827
404,1.6539999999999555,0.07219643740627667,0.11633197261931753
405,1.6549999999999554,0.05882860848790223,0.11926359950355254
406,1.6559999999999553,0.057574798733088996,0.11797212370622909
407,1.6569999999999552,0.07006751073412987,0.11982713307864781
408,1.657999999999955,0.0609975681718098,0.11827952188990773
409,1.658999999999955,0.06407827982307841,0.11408969676611348
410,1.6599999999999548,0.07041089582386247,0.11836230063892358
411,1.6609999999999547,0.07565034188317235,0.11303505760273477
412,1.6619999999999546,0.06146936581649233,0.11561453998425238
413,1.6629999999999545,0.06951382113992974,0.11363860733810177
414,1.6639999999999544,0.07780118895220484,0.11863410284155529
415,1.6649999999999543,0.06768315083564425,0.1211212094133141
416,1.6659999999999542,0.053402289290711925,0.11233446143159971
417,1.666999999999954,0.08407870752998663,0.1197254767700908
418,1.667999999999954,0.060556455647126084,0.1137376268446709
419,1.6689999999999539,0.0657462296619249,0.11243509045845575
420,1.6699999999999537,0.06761069315623598,0.1107006405322257
421,1.6709999999999536,0.07397824486615524,0.11244197024858325
422,1.6719999999999535,0.07132342274085895,0.11056026889664106
423,1.6729999999999534,0.06749282190492573,0.1110820182133164
424,1.6739999999999533,0.06648319031737487,0.10971893252424925
425,1.6749999999999532,0.06575466158046227,0.11009054117665422
426,1.675999999999953,0.11191822273965442,0.13545354401689802
427,1.676999999999953,0.06221836649682577,0.10979867725629999
428,1.6779999999999529,0.10763811387107362,0.13654577470876472
429,1.6789999999999528,0.0643146204935186,0.10726672729958178
430,1.6799999999999526,0.05674794488854773,0.10625168728859298
431,1.6809999999999525,0.07126344676549409,0.11020182645100247
432,1.6819999999999524,0.06939167861924074,0.10578046589554153
433,1.6829999999999523,0.062153210118860616,0.10552016692275992
434,1.6839999999999522,0.06616032273659833,0.10604198322378647
435,1.684999999999952,0.062459754160522844,0.10556528442587264
436,1.685999999999952,0.08012689426081508,0.10853779339176506
437,1.6869999999999519,0.06737818576827875,0.10670719244081683
438,1.6879999999999518,0.06463716842999655,0.1040064340807228
439,1.6889999999999517,0.07059093554581249,0.10588461924050342
440,1.6899999999999515,0.06329254260174491,0.10478420750507321
441,1.6909999999999514,0.06606037632552719,0.10543145939371786
442,1.6919999999999513,0.06435953840567722,0.10389565893407691
443,1.6929999999999512,0.06729854799740476,0.10286806397741872
444,1.693999999999951,0.07389527266352647,0.10366011712806182
445,1.694999999999951,0.07282809556510031,0.10319929887346721
446,1.6959999999999509,0.07369543131114878,0.10314907660040784
447,1.6969999999999508,0.06852187161547356,0.10198969235289779
448,1.6979999999999507,0.06663265644750922,0.10077521027633064
449,1.6989999999999505,0.06340876352112466,0.10039720583978079
450,1.6999999999999504,0.0675821215035145,0.10148482115237388
451,1.7009999999999503,0.06244031899572852,0.0998828457016963
452,1.7019999999999502,0.06427059829555364,0.10022288693968703
453,1.70299999999995,0.0734884369865126,0.10076050002716053
454,1.70399999999995,0.07149717907436426,0.10038771942191757
455,1.7049999999999499,0.07169216286940339,0.10028005351929156
456,1.7059999999999498,0.0667168363949071,0.09869550771485722
457,1.7069999999999497,0.060107236068744116,0.09840978324932907
458,1.7079999999999496,0.07879987870237451,0.0994042055206169
459,1.7089999999999494,0.0584569912113811,0.09647381023667347
460,1.7099999999999493,0.052680792345298225,0.09519646542556942
461,1.7109999999999492,0.055225873851489374,0.09707279751791233
462,1.7119999999999491,0.0680919328785567,0.0963989036348852
463,1.712999999999949,0.06892622458166481,0.09888422168781157
464,1.713999999999949,0.09642286927878647,0.10732285839181921
465,1.7149999999999488,0.060992896114881734,0.09717836339436355
466,1.7159999999999487,0.12205088883870649,0.13299377178205754
467,1.7169999999999486,0.05970251538282096,0.09801049546815521
468,1.7179999999999485,0.06341258349659533,0.09841287738091324
469,1.7189999999999483,0.05898657912650001,0.09602416882008387
470,1.7199999999999482,0.08082622356224699,0.09801028394209238
471,1.7209999999999481,0.06209493230701022,0.09719776180229452
472,1.721999999999948,0.06896590404296055,0.09607273435227408
473,1.722999999999948,0.06420036228548806,0.09472778188823025
474,1.7239999999999478,0.061581308056539844,0.09578812788130957
475,1.7249999999999477,0.0717294274316192,0.09483595813570653
476,1.7259999999999476,0.08820961776292054,0.09804243066638768
477,1.7269999999999475,0.06454443667517452,0.09401481506466791
478,1.7279999999999474,0.06703742949042879,0.09237104000315674
479,1.7289999999999472,0.06505346270673028,0.09272437615837421
480,1.7299999999999471,0.06345962999305406,0.09400311321694696
481,1.730999999999947,0.0648722517162765,0.09347825750284607
482,1.731999999999947,0.0721506174978744,0.09481732010464256
483,1.7329999999999468,0.07184175423768464,0.09527053577396737
484,1.7339999999999467,0.06241884409032184,0.09313987175006595
485,1.7349999999999466,0.06579379280573189,0.09162139862594826
486,1.7359999999999465,0.06309420472853994,0.09074890903305367
487,1.7369999999999464,0.05556260185414464,0.09177321738348225
488,1.7379999999999463,0.06033100794993891,0.09110830878619486
489,1.7389999999999461,0.08004964813043769,0.09663248724328208
490,1.739999999999946,0.051355027551562,0.09011272533829723
491,1.740999999999946,0.06072682659240562,0.0905621860376094
492,1.7419999999999458,0.06260937043421326,0.09167406344289694
493,1.7429999999999457,0.06557625745225074,0.0918417530445262
494,1.7439999999999456,0.06743045697149588,0.0904478384327264
495,1.7449999999999455,0.06292686750312,0.09094664708857486
496,1.7459999999999454,0.0553438680772177,0.09052097054960731
497,1.7469999999999453,0.08665878956594503,0.09549938986504564
498,1.7479999999999452,0.052794243679907364,0.08955967832264389
499,1.748999999999945,0.06231275133207772,0.08992302429402407
500,1.749999999999945,0.05642483501596278,0.08820309991802786
501,1.7509999999999448,0.06055938607437978,0.09142496406371599
502,1.7519999999999447,0.07285951694492636,0.09329748322652603
503,1.7529999999999446,0.06244430193420543,0.0908006528927444
504,1.7539999999999445,0.10463315769107888,0.10740474407786807
505,1.7549999999999444,0.06110108983881106,0.09046426859304596
506,1.7559999999999443,0.07166438700032633,0.10126651289601768
507,1.7569999999999442,0.07436029928898137,0.09201372786350553
508,1.757999999999944,0.0696602619459932,0.09124911070554499
509,1.758999999999944,0.06183561606062064,0.08947340848611741
510,1.7599999999999438,0.06423979505335238,0.090324481103208
511,1.7609999999999437,0.08421855647844351,0.09151668599610256
512,1.7619999999999436,0.05164889340213283,0.0885499183168183
513,1.7629999999999435,0.0702402429917658,0.0910367159884625
514,1.7639999999999434,0.07520273348332893,0.09074114133932484
515,1.7649999999999433,0.07653391487006131,0.09642727421756019
516,1.7659999999999432,0.04447312743502978,0.08628121555373178
517,1.766999999999943,0.10165162561824648,0.11141029006392524
518,1.767999999999943,0.07340139942018041,0.09101090772374423
519,1.7689999999999428,0.06252241575129082,0.08945429048999042
520,1.7699999999999427,0.05958506544772339,0.08919097343402584
521,1.7709999999999426,0.07263159568664891,0.09177018177537183
522,1.7719999999999425,0.06151328694921136,0.08824669010839852
523,1.7729999999999424,0.055423014583760706,0.08772369963205703
524,1.7739999999999423,0.05636143867930893,0.08780332151664004
525,1.7749999999999422,0.07460447073021106,0.09070457855571462
526,1.775999999999942,0.07037792109940806,0.08973520368601731
527,1.776999999999942,0.06935883563837252,0.0900225092180297
528,1.7779999999999418,0.06565899039923105,0.0884557499850855
529,1.7789999999999417,0.04877589949740804,0.08622713534088246
530,1.7799999999999416,0.06016754682565953,0.09170351427012195
531,1.7809999999999415,0.067564409063217,0.08910110374958509
532,1.7819999999999414,0.07642512859854017,0.08985596688300719
533,1.7829999999999413,0.06671862258593213,0.08865657120146157
534,1.7839999999999412,0.04879714032730238,0.0868628530128565
535,1.784999999999941,0.0638170769810876,0.08713622465252278
536,1.785999999999941,0.07314667824795912,0.08957645943703277
537,1.7869999999999409,0.05992161634298469,0.08777132199415603
538,1.7879999999999407,0.05621975669611659,0.08740051369741375
539,1.7889999999999406,0.1126584501947831,0.10240776843538366
540,1.7899999999999405,0.05765432015702915,0.08786545701642946
541,1.7909999999999404,0.0541609441549733,0.08667880581971486
542,1.7919999999999403,0.06762649723328551,0.08810373717858004
543,1.7929999999999402,0.06625053858567814,0.0889149861297937
544,1.79399999999994,0.058367401288428426,0.08754212836136814
545,1.79499999999994,0.06985347498977476,0.08726080748330675
546,1.7959999999999399,0.06768010779570142,0.08871786082620954
547,1.7969999999999398,0.06537507984485992,0.08805311612921925
548,1.7979999999999396,0.06475043580521639,0.08753502346447957
549,1.7989999999999395,0.05892541136470311,0.08618468866736212
550,1.7999999999999394,0.051175225252525616,0.08553697862322018
551,1.8009999999999393,0.06374729631917432,0.08758629900246438
552,1.8019999999999392,0.06906806000156125,0.08829266558406126
553,1.802999999999939,0.06392983195802553,0.0872845626271318
554,1.803999999999939,0.06336413242510666,0.08675172474921317
555,1.8049999999999389,0.06919444306214914,0.0888004289299325
556,1.8059999999999388,0.06043552136131108,0.08682352285698239
557,1.8069999999999387,0.07456145099629892,0.08875757784667913
558,1.8079999999999385,0.05922862835388414,0.08632241393934549
559,1.8089999999999384,0.06285131735270812,0.08785358503883399
560,1.8099999999999383,0.06352295698673971,0.08715085571681461
561,1.8109999999999382,0.053303499733774316,0.08661540018870087
562,1.811999999999938,0.06946973733749434,0.08687132546424506
563,1.812999999999938,0.07390465024624694,0.08982906931961908
564,1.8139999999999379,0.0660531600712133,0.08641830719267578
565,1.8149999999999378,0.05628526881972702,0.08481970152362675
566,1.8159999999999377,0.0730889959712252,0.08735958642405485
567,1.8169999999999376,0.07017751401333762,0.08735699075122777
568,1.8179999999999374,0.054293756284949375,0.08653201994724793
569,1.8189999999999373,0.06862472632320446,0.0872726858634717
570,1.8199999999999372,0.056132134418262127,0.08601753957600004
571,1.8209999999999371,0.061930395983294535,0.08560723759160192
572,1.821999999999937,0.07674876327498333,0.08908212403379828
573,1.822999999999937,0.07312797546780624,0.08787246146815499
574,1.8239999999999368,0.07219842891656829,0.0896670376361663
575,1.8249999999999367,0.06340947850730089,0.08742008083745892
576,1.8259999999999366,0.06462347961972834,0.08580518184494644
577,1.8269999999999365,0.06301778633798824,0.08679193840980494
578,1.8279999999999363,0.06531586902960769,0.08499399351600574
579,1.8289999999999362,0.09784898186828478,0.11249868654869223
580,1.8299999999999361,0.06691587719277592,0.08619863945507077
581,1.830999999999936,0.053609785439408454,0.0847859646583396
582,1.831999999999936,0.050292613438934736,0.08553656961982234
583,1.8329999999999358,0.051002789767630584,0.084588790878438
584,1.8339999999999357,0.072045424971003,0.08752722221556866
585,1.8349999999999356,0.06530656724256631,0.08722529633256133
586,1.8359999999999355,0.06304031062937263,0.08682470182699456
587,1.8369999999999354,0.07218306954137989,0.08841765596345083
588,1.8379999999999352,0.06613954648010019,0.08671415226174962
589,1.8389999999999351,0.05526742079920486,0.08444969593908468
590,1.839999999999935,0.06255143478482145,0.08615160665321372
591,1.840999999999935,0.06369482930771388,0.0852691018813128
592,1.8419999999999348,0.07295559970334356,0.08755226664279364
593,1.8429999999999347,0.060897763161151766,0.08396974481158104
594,1.8439999999999346,0.059387018129852955,0.08572074142997588
595,1.8449999999999345,0.061616194428875753,0.08466006632637763
596,1.8459999999999344,0.06567792672622785,0.08636383272357474
597,1.8469999999999342,0.06131206670083165,0.0839706243721815
598,1.8479999999999341,0.0637481903843817,0.08456573408573034
599,1.848999999999934,0.07080758998794824,0.08606964387858208
600,1.849999999999934,0.08530146427485533,0.08876833634719593
601,1.8509999999999338,0.057178296514237954,0.08364948155107163
602,1.8519999999999337,0.07197302154912476,0.08611557792129455
603,1.8529999999999336,0.054844111347006244,0.08385226381981671
604,1.8539999999999335,0.06239584633835285,0.08551687454912218
605,1.8549999999999334,0.06743896642274931,0.08530216159131153
606,1.8559999999999333,0.06765665840174424,0.08498989250871362
607,1.8569999999999331,0.0678332001307115,0.08430854263550458
608,1.857999999999933,0.0708420469323474,0.08534123635055033
609,1.858999999999933,0.08163273797898049,0.08813642459493672
610,1.8599999999999328,0.07000838309166188,0.08649907077183466
611,1.8609999999999327,0.06990174576444916,0.08495654351478406
612,1.8619999999999326,0.07444865168279646,0.08566933241695354
613,1.8629999999999325,0.07451385201471135,0.0856664435248188
614,1.8639999999999324,0.05357981587996122,0.08252934713340408
615,1.8649999999999323,0.06940541615284712,0.08432698336891283
616,1.8659999999999322,0.07089021100944565,0.08470775902597735
617,1.866999999999932,0.08312197809137538,0.08584665396354983
618,1.867999999999932,0.06880584405668236,0.08451239595113634
619,1.8689999999999318,0.09746006845039157,0.08860445265492882
620,1.8699999999999317,0.06696355740318424,0.0836919135208016
621,1.8709999999999316,0.06584023953609301,0.08354457912811525
622,1.8719999999999315,0.07262954471470123,0.08533751643878543
623,1.8729999999999314,0.08239690932274434,0.0859148499185991
624,1.8739999999999313,0.08866203888685525,0.08931280619152407
625,1.8749999999999312,0.07989246740781107,0.08694646738990201
626,1.875999999999931,0.07657384733539475,0.08492255585583747
627,1.876999999999931,0.0778249105403241,0.0866197084554985
628,1.8779999999999308,0.07486243334595453,0.08423604682719442
629,1.8789999999999307,0.06939774512085815,0.08296761876538852
630,1.8799999999999306,0.07857018091370924,0.0853860902763552
631,1.8809999999999305,0.0729285536990139,0.085037034533217
632,1.8819999999999304,0.1372444977126221,0.09954863275432647
633,1.8829999999999303,0.07696235552001668,0.08623518943255787
634,1.8839999999999302,0.06945138725008157,0.08377547565532112
635,1.88499999999993,0.07576504502777051,0.08431310709261214
636,1.88599999999993,0.08235627715285881,0.08652499683443168
637,1.8869999999999298,0.0607999248332723,0.08014526970644309
638,1.8879999999999297,0.07856991713223441,0.08361085594341998
639,1.8889999999999296,0.08222444626466974,0.08661284205389465
640,1.8899999999999295,0.07531233949891977,0.08382093557150237
641,1.8909999999999294,0.07543911332758241,0.08410322461533747
642,1.8919999999999293,0.07327246126088181,0.08412933454284618
643,1.8929999999999292,0.1545167128177842,0.12742160658713358
644,1.893999999999929,0.07889417787807307,0.0838052747862766
645,1.894999999999929,0.08911030248009091,0.08477424223392467
646,1.8959999999999289,0.079342690793897,0.08452098137167753
647,1.8969999999999287,0.08013066085418377,0.08395925109726979
648,1.8979999999999286,0.0805799592683911,0.08370378752172684
649,1.8989999999999285,0.08622878912495498,0.08688021468336722
650,1.8999999999999284,0.0873940769223163,0.08344693630601491
651,1.9009999999999283,0.08374633987593197,0.08467341135999433
652,1.9019999999999282,0.11358670121580909,0.08711553772629298
653,1.902999999999928,0.09151536341038909,0.08568445591674335
654,1.903999999999928,0.08190672780157672,0.08413007382103774
655,1.9049999999999279,0.092235347082724,0.08579471629092263
656,1.9059999999999278,0.08370339154055323,0.08386783858215167
657,1.9069999999999276,0.08871866291504138,0.08383663979768931
658,1.9079999999999275,0.09223208886874243,0.08441601074315631
659,1.9089999999999274,0.09360269584701408,0.085376028654107
660,1.9099999999999273,0.08774447198386133,0.08385122849002491
661,1.9109999999999272,0.09185944369850031,0.08426795881716023
662,1.911999999999927,0.08788372002454585,0.08166355071754888
663,1.912999999999927,0.08465246385212796,0.08201908036093827
664,1.9139999999999269,0.097982555597776,0.0859370019518353
665,1.9149999999999268,0.09304476176378576,0.08417067793975751
666,1.9159999999999267,0.10051921854266034,0.08617001385031706
667,1.9169999999999265,0.10061034864426023,0.0854515756687758
668,1.9179999999999264,0.09554490462239355,0.08374712030053082
669,1.9189999999999263,0.1015440826831364,0.08381714818687987
670,1.9199999999999262,0.10216013195576458,0.08454613469952776
671,1.920999999999926,0.10394162972931446,0.0857009223723384
672,1.921999999999926,0.10859070947577516,0.0862238894494721
673,1.9229999999999259,0.10266741922413943,0.08505647510110202
674,1.9239999999999258,0.10692689283231953,0.08627124330868056
675,1.9249999999999257,0.11519367436812326,0.08699311513542589
676,1.9259999999999255,0.10439669718307197,0.08540558793383222
677,1.9269999999999254,0.11078950186820219,0.08610081608003113
678,1.9279999999999253,0.11726246307699931,0.08715061783297544
679,1.9289999999999252,0.10806058584932464,0.08302631924257879
680,1.929999999999925,0.11264869957531135,0.08681062776006537
681,1.930999999999925,0.11079856267077624,0.08392932137494372
682,1.9319999999999249,0.11922306500392597,0.08804518418564734
683,1.9329999999999248,0.11997661174847524,0.08485234077956454
684,1.9339999999999247,0.13074314539495085,0.08747124599559651
685,1.9349999999999246,0.11627985252572966,0.08395826338603932
686,1.9359999999999244,0.12179216551918348,0.08376341072013173
687,1.9369999999999243,0.12233963626670899,0.08543766972021266
688,1.9379999999999242,0.12537256308919842,0.08527823408410747
689,1.9389999999999241,0.1302380284614979,0.08722404850102204
690,1.939999999999924,0.1324104420519656,0.08650474791093832
691,1.940999999999924,0.1440403189989275,0.08916245111311
692,1.9419999999999238,0.13509077587990423,0.08690095762868048
693,1.9429999999999237,0.13955046588304246,0.08865579659189693
694,1.9439999999999236,0.13854083867671163,0.08581756368022482
695,1.9449999999999235,0.14895797004824968,0.08649875619650406
696,1.9459999999999233,0.14767957823080993,0.08613355656276961
697,1.9469999999999232,0.14702501245743002,0.08477679471209149
698,1.9479999999999231,0.1578361923334878,0.08913285846224549
699,1.948999999999923,0.30776724348211976,0.14295214692133
700,1.949999999999923,0.16487038399000772,0.09076124459200507
701,1.9509999999999228,0.16982741150195432,0.08847590387638311
702,1.9519999999999227,0.16569384392519113,0.08775313256412097
703,1.9529999999999226,0.16576847763933666,0.086063245483009
704,1.9539999999999225,0.17689643062955976,0.09051600338893755
705,1.9549999999999224,0.17700784473370088,0.08722707891808004
706,1.9559999999999222,0.17305924318656815,0.08628385860617445
707,1.9569999999999221,0.18207282856033571,0.08896167948363062
708,1.957999999999922,0.28310805846457165,0.09480500660974403
709,1.958999999999922,0.18955945226076984,0.08726290116518678
710,1.9599999999999218,0.3791129594299966,0.13707331400789022
711,1.9609999999999217,0.1988263686732841,0.08912640375008264
712,1.9619999999999216,0.20220561893050212,0.08672945212966192
713,1.9629999999999215,0.2063158660386048,0.08728432510769601
714,1.9639999999999214,0.2134430351212777,0.08782597095530231
715,1.9649999999999213,0.26020604527717345,0.09068583441566616
716,1.9659999999999211,0.22975437949502273,0.08844990508361333
717,1.966999999999921,0.2697929095778178,0.09579742054041249
718,1.967999999999921,0.23532654395521205,0.08912923864745055
719,1.9689999999999208,0.2924878596005664,0.09179361688916413
720,1.9699999999999207,0.2503821943082581,0.0888637919481109
721,1.9709999999999206,0.2486743293412024,0.08945407321655535
722,1.9719999999999205,0.25936395560723624,0.0879491053006112
723,1.9729999999999204,0.2748908745105994,0.08638627460599546
724,1.9739999999999203,0.28244389669110714,0.08582601854122832
725,1.9749999999999202,0.2897853996212814,0.08804176984523177
726,1.97599999999992,0.3060523773961104,0.08783690256809584
727,1.97699999999992,0.3152564969887411,0.09684487861765441
728,1.9779999999999198,0.32606354445282104,0.08896451963001703
729,1.9789999999999197,0.34327784456913163,0.0840775689161094
730,1.9799999999999196,0.3257492247530502,0.09885292545431118
731,1.9809999999999195,0.37708823872852737,0.08806607941902947
732,1.9819999999999194,0.36884406264694386,0.0875576535147
733,1.9829999999999193,0.40289312189582466,0.08799211449104397
734,1.9839999999999192,0.3934362470303608,0.08898781997200873
735,1.984999999999919,0.40634634697495614,0.08861528823400104
736,1.985999999999919,0.43135951515631743,0.0879520518065063
737,1.9869999999999188,0.4598073326744305,0.08953571638525888
738,1.9879999999999187,0.5113966993781035,0.08988220768331762
739,1.9889999999999186,0.50597126927371,0.08947290162227477
740,1.9899999999999185,0.559527647973485,0.09065017842539484
741,1.9909999999999184,0.5536056070257815,0.09110709991552349
742,1.9919999999999183,0.6236509975851058,0.08976299548455949
743,1.9929999999999182,0.6077581234637305,0.09262007112583688
744,1.993999999999918,0.6287455621737754,0.08971222744654642
745,1.994999999999918,0.6744714812157538,0.09171736023835769
746,1.9959999999999178,1.0520545654992468,0.09696809218055154
747,1.9969999999999177,0.8537391789429233,0.0917664400737252
748,1.9979999999999176,0.8473427350017333,0.09255916757591365
749,1.9989999999999175,0.9558671044964294,0.09448080912430545
750,1.9999999999999174,1.1090160493717298,0.09442133908575512
751,2.0009999999999173,1.1028213222641832,0.09328937216274151
752,2.001999999999917,1.2675429501057223,0.09258737123573874
753,2.002999999999917,1.2695534098386585,0.09628290191949684
754,2.003999999999917,1.4685163618225308,0.0938676019891873
755,2.004999999999917,1.4497202913199738,0.0944588637577887
756,2.0059999999999167,1.6503831781719938,0.09759178467581668
757,2.0069999999999166,1.6311122280636152,0.10058505879121339
758,2.0079999999999165,1.7669224771264413,0.09985633927968211
759,2.0089999999999164,1.7855124083675293,0.09772658676668562
760,2.0099999999999163,1.7721797692393149,0.09791858405817781
761,2.010999999999916,1.6368091440681776,0.1001844559835068
762,2.011999999999916,1.6577420871931083,0.10176583366085713
763,2.012999999999916,1.4710199915265492,0.09865506331977772
764,2.013999999999916,1.489124324266734,0.09815734303207026
765,2.0149999999999157,1.3068122207349209,0.09736420233213415
766,2.0159999999999156,1.1893815755755512,0.09600696263623855
767,2.0169999999999155,1.148355492248432,0.0967471992633775
768,2.0179999999999154,1.1758179739380537,0.0956296622318284
769,2.0189999999999153,1.0311340506082796,0.10009300034441725
770,2.019999999999915,1.322699287962331,0.10245603975144611
771,2.020999999999915,0.9154414568705821,0.0952100756144194
772,2.021999999999915,0.8260774758253625,0.0954058470526942
773,2.022999999999915,0.7694503996731602,0.09696499203492025
774,2.0239999999999148,0.7528267746260693,0.09820726815401111
775,2.0249999999999146,0.6864782918580316,0.0977255128002868
776,2.0259999999999145,0.6922966005781553,0.09773135980789388
777,2.0269999999999144,0.5759287459630585,0.09503674055705738
778,2.0279999999999143,0.5966967875411316,0.09896359735192667
779,2.028999999999914,0.5939401382539341,0.09875166904344834
780,2.029999999999914,0.5573311191345552,0.09994925601586509
781,2.030999999999914,0.5757980910226111,0.10799714340249236
782,2.031999999999914,0.5023558324464126,0.09237728202843876
783,2.0329999999999138,0.5151936522663366,0.09401006007255287
784,2.0339999999999137,0.4885238451341645,0.09676648325035654
785,2.0349999999999135,0.46190793768273997,0.1002324535944913
786,2.0359999999999134,0.45973496360225197,0.09815331677063209
787,2.0369999999999133,0.436332869108869,0.09630858900599566
788,2.037999999999913,0.4417532400013398,0.09975947846829095
789,2.038999999999913,0.4214386271767985,0.10132864056605204
790,2.039999999999913,0.4230852437767577,0.10076287901546405
791,2.040999999999913,0.4001962489776247,0.09843752162831343
792,2.0419999999999128,0.40378796135109835,0.1033623934743155
793,2.0429999999999127,0.38623697348521774,0.10253230912213658
794,2.0439999999999126,0.3906434499407294,0.103805213677814
795,2.0449999999999124,0.39328676207101004,0.11427907916159379
796,2.0459999999999123,0.36313871689261906,0.10124246768971226
797,2.0469999999999122,0.35959138442085703,0.10498854999901171
798,2.047999999999912,0.34270662011835135,0.10236200605731019
799,2.048999999999912,0.3433405380504255,0.10264194252195269
800,2.049999999999912,0.33297181799918574,0.10514092081661501
801,2.050999999999912,0.32262634037820365,0.10312103492861827
802,2.0519999999999117,0.3202968767130094,0.1027463011724932
803,2.0529999999999116,0.3728289910531973,0.12425696512666484
804,2.0539999999999115,0.3075888225534334,0.10157772796492918
805,2.0549999999999113,0.32027251374974325,0.11560141541344783
806,2.0559999999999112,0.29436216193295195,0.10647969560721997
807,2.056999999999911,0.29198362369397984,0.10686745548067367
808,2.057999999999911,0.29110486382760387,0.10630776927858793
809,2.058999999999911,0.28730384514751023,0.10661389420155747
810,2.059999999999911,0.286245503706972,0.10795546679684423
811,2.0609999999999107,0.2757763589646168,0.10698506086076953
812,2.0619999999999106,0.2688247462494769,0.10730567679777855
813,2.0629999999999105,0.26604876088206053,0.10923323959821778
814,2.0639999999999104,0.2597937058028204,0.10729040061798303
815,2.0649999999999102,0.2598859753837083,0.10919478779754771
816,2.06599999999991,0.2575514962553969,0.1090169456284128
817,2.06699999999991,0.2517431356803091,0.10984597728811636
818,2.06799999999991,0.25094849883866066,0.10980468380239937
819,2.06899999999991,0.24814077695303832,0.11133955541818155
820,2.0699999999999097,0.2484652843552049,0.11190825639369523
821,2.0709999999999096,0.24348869822445632,0.11334505382804323
822,2.0719999999999095,0.23426479288314386,0.1108335746412374
823,2.0729999999999094,0.23925167501088004,0.11376314276063629
824,2.0739999999999092,0.23342629754802063,0.11454489208382337
825,2.074999999999909,0.2398325525770556,0.11549218045495706
826,2.075999999999909,0.22993080065022597,0.11530372297046199
827,2.076999999999909,0.22905611288031683,0.11512531201660642
828,2.077999999999909,0.2230037443697547,0.11482654324128731
829,2.0789999999999087,0.23005330956543793,0.11893887505930748
830,2.0799999999999086,0.2212589950879347,0.11710485013020554
831,2.0809999999999085,0.2261326924577529,0.12018304545108109
832,2.0819999999999084,0.2203254779290365,0.12127348293197616
833,2.0829999999999083,0.21581585445203325,0.1210629992131478
834,2.083999999999908,0.20916334001504938,0.11773050517776917
835,2.084999999999908,0.21481899822802966,0.1237183981003218
836,2.085999999999908,0.20762877681837763,0.12327130384746968
837,2.086999999999908,0.20842154908390742,0.1224253469775197
838,2.0879999999999077,0.2054482320316949,0.12484578698082603
839,2.0889999999999076,0.20394254309820828,0.1246279040382512
840,2.0899999999999075,0.19914360591802635,0.12399299539226093
841,2.0909999999999074,0.20218270971451116,0.1272047843835165
842,2.0919999999999073,0.19972174666014125,0.12807404915713247
843,2.092999999999907,0.19967364301322987,0.12477565930056002
844,2.093999999999907,0.1972783976685262,0.12899788622638772
845,2.094999999999907,0.24584000874876172,0.1704057586925224
846,2.095999999999907,0.1873182462702118,0.1306294216659208
847,2.0969999999999067,0.19895954062684623,0.13528043417361207
848,2.0979999999999066,0.19112356398684355,0.13498472123466718
849,2.0989999999999065,0.18825921916487606,0.13380235486796155
850,2.0999999999999064,0.18636568341877452,0.1358211027318042
851,2.1009999999999063,0.18443327072365343,0.13473599006130008
852,2.101999999999906,0.18990730772198847,0.13943820972068302
853,2.102999999999906,0.18023057024307473,0.13984707654908396
854,2.103999999999906,0.1813530326697648,0.13909530239844267
855,2.104999999999906,0.17933391404996904,0.14192296457827805
856,2.1059999999999057,0.17866241827039647,0.1423766227104884
857,2.1069999999999056,0.1767003119333471,0.14397423344733704
858,2.1079999999999055,0.18036589540186745,0.14546558253455255
859,2.1089999999999054,0.17728502884223535,0.14628061570151787
860,2.1099999999999053,0.17992090732930013,0.15386468587836974
861,2.110999999999905,0.17895998565587318,0.15251303163057944
862,2.111999999999905,0.17238512673212472,0.1521868908812556
863,2.112999999999905,0.1734432122221881,0.15250304862886
864,2.113999999999905,0.17428294339044473,0.1570569550763097
865,2.1149999999999047,0.1674578050138373,0.15837804682467532
866,2.1159999999999046,0.16781653107628441,0.15914906340341187
867,2.1169999999999045,0.18433970347434334,0.16856493801573605
868,2.1179999999999044,0.16685417758226895,0.16416638217921622
869,2.1189999999999043,0.23051572324983108,0.23470399374916517
870,2.119999999999904,0.16426462158903643,0.170437570100592
871,2.120999999999904,0.16574046951174798,0.17058815272796216
872,2.121999999999904,0.16365596007886682,0.1747046886085377
873,2.122999999999904,0.16981200356068052,0.1763277359120575
874,2.1239999999999037,0.16306227328086312,0.18036314209340246
875,2.1249999999999036,0.1634975839601481,0.1801808701385754
876,2.1259999999999035,0.16247906958049085,0.1852163021311304
877,2.1269999999999034,0.16472544322765675,0.19123574687342723
878,2.1279999999999033,0.15987077009749048,0.19033218134993224
879,2.128999999999903,0.16171452048923066,0.19635498991758316
880,2.129999999999903,0.16444224436715252,0.19808168467342072
881,2.130999999999903,0.15830236509430584,0.20211777036229492
882,2.131999999999903,0.16020301918708327,0.2000269691656501
883,2.1329999999999028,0.15833012638864108,0.20745898600726564
884,2.1339999999999026,0.15484290794126337,0.21610427316934802
885,2.1349999999999025,0.15453461813252278,0.21260051567415744
886,2.1359999999999024,0.1532327591514552,0.22351290273697275
887,2.1369999999999023,0.15956116218838504,0.23735010735790832
888,2.137999999999902,0.1540517979188212,0.23010151463493847
889,2.138999999999902,0.15109887886207754,0.2416354925432265
890,2.139999999999902,0.15057895585305042,0.24255879854914397
891,2.140999999999902,0.16045036796059148,0.2469595514374358
892,2.1419999999999018,0.15620789069417856,0.2500696528846547
893,2.1429999999999017,0.1537531018116394,0.25254179405326216
894,2.1439999999999015,0.15084548740793027,0.2617897527966111
895,2.1449999999999014,0.15387663496399195,0.2768005981810654
896,2.1459999999999013,0.15331688932237267,0.29940614656220604
897,2.146999999999901,0.14967831481519078,0.2895255286790392
898,2.147999999999901,0.14802409653046872,0.3039770854447392
899,2.148999999999901,0.15204134232704938,0.3051027163256924
900,2.149999999999901,0.1491042686221762,0.32952518809108067
901,2.1509999999999008,0.14701563801206208,0.322158825404067
902,2.1519999999999007,0.2147879300412778,0.4593659080417825
903,2.1529999999999005,0.14542509888859795,0.34125870872618064
904,2.1539999999999004,0.18292988528816687,0.3467268830600429
905,2.1549999999999003,0.14403668584246337,0.3700250676574893
906,2.1559999999999,0.14166822176860705,0.3969988834174312
907,2.1569999999999,0.1524159735832942,0.41558995332326937
908,2.1579999999999,0.14738522913781632,0.4192359266374352
909,2.1589999999999,0.14276125270156703,0.4584165024461944
910,2.1599999999998998,0.14783387141631738,0.4559773906761269
911,2.1609999999998997,0.13949972953958872,0.5016026857899724
912,2.1619999999998996,0.14818100313944735,0.49576917493873673
913,2.1629999999998994,0.14662744811708267,0.6037660058573062
914,2.1639999999998993,0.13975990037741345,0.5460510547831781
915,2.1649999999998992,0.14885845501151793,0.5559955912467358
916,2.165999999999899,0.13820525969382472,0.6444052106220036
917,2.166999999999899,0.14406196315819936,0.6442882550852567
918,2.167999999999899,0.14188625267733718,0.6814657145171783
919,2.168999999999899,0.14443000952537322,0.6882887298643362
920,2.1699999999998987,0.1424567051838404,0.7094089132143798
921,2.1709999999998986,0.14257476286166643,0.7232668270203788
922,2.1719999999998985,0.14245169495371277,0.7202214879068448
923,2.1729999999998983,0.13982706067323225,0.7326506887023827
924,2.1739999999998982,0.1327742795758124,0.7366663642986011
925,2.174999999999898,0.13446741083848696,0.7096385893026446
926,2.175999999999898,0.1425684666183931,0.7072175566947608
927,2.176999999999898,0.13404535989428992,0.6635462981425736
928,2.177999999999898,0.1444084833189373,0.6635706112833857
929,2.1789999999998977,0.14022243735167453,0.6069892719492929
930,2.1799999999998976,0.13623216684121503,0.5956661561374627
931,2.1809999999998975,0.1382379190962048,0.5389764161037428
932,2.1819999999998974,0.132794336193201,0.49332435910169065
933,2.1829999999998972,0.14110403711960215,0.4952303923506317
934,2.183999999999897,0.14958969644980336,0.4496094268494413
935,2.184999999999897,0.12982067681804305,0.44516677263543225
936,2.185999999999897,0.1306781660208151,0.45229327155874866
937,2.186999999999897,0.13553437413819786,0.4045493680910398
938,2.1879999999998967,0.1423521084848986,0.3731088829617398
939,2.1889999999998966,0.13778786117622055,0.33154326688732105
940,2.1899999999998965,0.1295594730124395,0.3337329281322695
941,2.1909999999998964,0.12822049337174002,0.30725542460793476
942,2.1919999999998963,0.1397253069065615,0.30857205765597573
943,2.192999999999896,0.14054876734067515,0.28529892701693627
944,2.193999999999896,0.1370751201639658,0.28511377104352564
945,2.194999999999896,0.15114478752970986,0.394866711136345
946,2.195999999999896,0.13366252947224003,0.2466497990598219
947,2.1969999999998957,0.13376235865196723,0.24538681528232809
948,2.1979999999998956,0.13367710404448072,0.2297136242903697
949,2.1989999999998955,0.13035999743654342,0.22852833088650876
950,2.1999999999998954,0.13891362891523476,0.21562119109647376
951,2.2009999999998953,0.13229028522516623,0.20098800636662725
952,2.201999999999895,0.12849579087786214,0.20198477324048678
953,2.202999999999895,0.12572854845034573,0.187760539239304
954,2.203999999999895,0.13493561978424076,0.18881991737201823
955,2.204999999999895,0.12692610799958567,0.1803082836702975
956,2.2059999999998947,0.13106434704949096,0.18119022549397706
957,2.2069999999998946,0.1273665135255124,0.17258207297565584
958,2.2079999999998945,0.12906021184859554,0.16852349307727923
959,2.2089999999998944,0.12997372681607874,0.16338737599944433
960,2.2099999999998943,0.13714509698410562,0.1624420604359514
961,2.210999999999894,0.13879627418390666,0.1578023394732951
962,2.211999999999894,0.13006405816320946,0.14698528032596886
963,2.212999999999894,0.12274486690554869,0.14321809442412092
964,2.213999999999894,0.12736289291136843,0.1392667871675075
965,2.2149999999998937,0.12076846228239077,0.13761776658381383
966,2.2159999999998936,0.12583597942226282,0.13368054319422526
967,2.2169999999998935,0.12473787136049096,0.13397108803734645
968,2.2179999999998934,0.13198047872879612,0.12935264641420008
969,2.2189999999998933,0.12492564681883499,0.12663274450183118
970,2.219999999999893,0.12332038958150826,0.12313200374228711
971,2.220999999999893,0.14106552183289126,0.1356012661223201
972,2.221999999999893,0.12113197942172352,0.11709457053738144
973,2.222999999999893,0.11913251611236204,0.11638453328125693
974,2.2239999999998927,0.12656027821943583,0.11375194607903541
975,2.2249999999998926,0.12740755351746574,0.1095508715863953
976,2.2259999999998925,0.12592488660485304,0.11096689830894008
977,2.2269999999998924,0.12596034963763666,0.10498187294088336
978,2.2279999999998923,0.1255829603394207,0.10398705975226422
979,2.228999999999892,0.11982406757752069,0.10158161849742615
980,2.229999999999892,0.12617362689204703,0.09782873199617087
981,2.230999999999892,0.13100649790538457,0.10045873608606537
982,2.231999999999892,0.15016522525546863,0.1283438503530379
983,2.2329999999998917,0.12297563513361526,0.09492385184917784
984,2.2339999999998916,0.1364383023910292,0.10842103571289069
985,2.2349999999998915,0.12797699674950314,0.0930468951487366
986,2.2359999999998914,0.12674220599148311,0.09112427859548321
987,2.2369999999998913,0.11694867784659103,0.08589506056363912
988,2.237999999999891,0.12040796796865211,0.08618649277565461
989,2.238999999999891,0.13001823781654967,0.08854535276112954
990,2.239999999999891,0.12563497619701205,0.08622636896087414
991,2.240999999999891,0.12525695818366772,0.08436016653078462
992,2.2419999999998907,0.1252404935876018,0.08419042629386136
993,2.2429999999998906,0.14172500020124607,0.11222327040987298
994,2.2439999999998905,0.11886416079080672,0.0774471176079325
995,2.2449999999998904,0.11832907263472156,0.07848312192884777
996,2.2459999999998903,0.12071309397818893,0.07625606128362687
997,2.24699999999989,0.1270047061268528,0.07909620971539434
998,2.24799999999989,0.13458573945642482,0.0801283245602049
999,2.24899999999989,0.1214404702291178,0.07645542139110219
1000,2.24999999999989,0.12086811704164388,0.07260312502291606
1001,2.2509999999998898,0.12267055093647516,0.07271012705933239
1002,2.2519999999998896,0.12538190274956185,0.07325006307295054
1003,2.2529999999998895,0.12007798085825508,0.069514834463239
1004,2.2539999999998894,0.12193600151884418,0.07094724286914324
1005,2.2549999999998893,0.12689541662717765,0.07055223928219921
1006,2.255999999999889,0.13483473790626738,0.07409471666754977
1007,2.256999999999889,0.12184248278269118,0.0685395495172724
1008,2.257999999999889,0.12435197023594598,0.06855278168183931
1009,2.258999999999889,0.12492108445061087,0.06883345796026685
1010,2.2599999999998888,0.12558857133355927,0.06717515623257361
1011,2.2609999999998887,0.1213724742217369,0.06686349628073067
1012,2.2619999999998885,0.11729886649124263,0.06301917048649368
1013,2.2629999999998884,0.12265518598437969,0.06659773043376727
1014,2.2639999999998883,0.11629908934551891,0.061739520585918396
1015,2.264999999999888,0.1174909790403974,0.061871870392460636
1016,2.265999999999888,0.11392530324827684,0.06090463266261661
1017,2.266999999999888,0.1423117282854754,0.07180655294928137
1018,2.267999999999888,0.1260637299266921,0.06436470777736178
1019,2.2689999999998878,0.12310067493635682,0.06467765045523308
1020,2.2699999999998877,0.12179790860758864,0.06340525346593034
1021,2.2709999999998876,0.12357055693395601,0.05978706801810121
1022,2.2719999999998874,0.11689482463063752,0.05905543611660232
1023,2.2729999999998873,0.1189486960172846,0.06130109610645551
1024,2.2739999999998872,0.11723324160335892,0.06196576689740067
1025,2.274999999999887,0.11507240256376418,0.058248573487237255
1026,2.275999999999887,0.13080079411283205,0.06342300965441554
1027,2.276999999999887,0.12476714165750404,0.06303567877320111
1028,2.277999999999887,0.123495300862835,0.060042366654985954
1029,2.2789999999998867,0.12637799630626206,0.06337091209055902
1030,2.2799999999998866,0.1130823496799964,0.05284660752102996
1031,2.2809999999998865,0.1163490656990038,0.052773564625888184
1032,2.2819999999998863,0.1291838042498317,0.059144712330149875
1033,2.2829999999998862,0.11409182053373748,0.0518621794399328
1034,2.283999999999886,0.11529641749461625,0.054011263944348034
1035,2.284999999999886,0.12987294031346264,0.062038492722178755
1036,2.285999999999886,0.11650856135316996,0.0546907076096908
1037,2.286999999999886,0.12047782004288198,0.054588736770754674
1038,2.2879999999998857,0.11075442080533361,0.05021646821025465
1039,2.2889999999998856,0.12071094782455223,0.05484174903145235
1040,2.2899999999998855,0.10962305184865678,0.05010859911276024
1041,2.2909999999998854,0.11083521920710694,0.049874290224998924
1042,2.2919999999998852,0.12570893074264397,0.05766988935920504
1043,2.292999999999885,0.1144896660889923,0.05150555319567988
1044,2.293999999999885,0.11343264393388612,0.04959333043814628
1045,2.294999999999885,0.11803883267566698,0.053896565540011154
1046,2.295999999999885,0.11415382743442087,0.05191649161196582
1047,2.2969999999998847,0.2142604781438145,0.1614376131514618
1048,2.2979999999998846,0.1170090047616392,0.05195581061258418
1049,2.2989999999998845,0.1164551831158159,0.050620184370934095
1050,2.2999999999998844,0.11894352322903,0.05302438840474191
1051,2.3009999999998842,0.1147950979309571,0.05018074417982091
1052,2.301999999999884,0.11480801723264522,0.05174502116676371
1053,2.302999999999884,0.12033694511048987,0.054132014973262955
1054,2.303999999999884,0.11756981409216752,0.0513397773228656
1055,2.304999999999884,0.11946424739382312,0.051073782057179225
1056,2.3059999999998837,0.11676337223689179,0.05106647501597764
1057,2.3069999999998836,0.11612066741590425,0.05058010890449695
1058,2.3079999999998835,0.12227631419570034,0.0529788190460562
1059,2.3089999999998834,0.11779540259951962,0.05080075764240223
1060,2.3099999999998833,0.11894895737324733,0.051094961495475245
1061,2.310999999999883,0.12414950337521924,0.055041268739149156
1062,2.311999999999883,0.12837419994276664,0.06986185931915023
1063,2.312999999999883,0.12534227672732762,0.05480431141763902
1064,2.313999999999883,0.11214129609236896,0.04830313465232762
1065,2.3149999999998827,0.11875178622636315,0.05185715737479686
1066,2.3159999999998826,0.11503911175826619,0.05097260834213384
1067,2.3169999999998825,0.12066051296038259,0.04873031257447
1068,2.3179999999998824,0.11604210923846785,0.04479685733332695
1069,2.3189999999998823,0.1086530422613031,0.04511002923331145
1070,2.319999999999882,0.12148304303832624,0.04955571914605105
1071,2.320999999999882,0.11516921427676154,0.04747682965969047
1072,2.321999999999882,0.1185357441639116,0.05030744451419144
1073,2.322999999999882,0.1194373541029559,0.0489834292752999
1074,2.3239999999998817,0.11601048125647624,0.04959270338156222
1075,2.3249999999998816,0.11769278289888697,0.04668553778601212
1076,2.3259999999998815,0.12123288464872473,0.05215712853997906
1077,2.3269999999998814,0.10997716808829243,0.04397553236901356
1078,2.3279999999998813,0.12682237866870838,0.054037742501162896
1079,2.328999999999881,0.11709208052069967,0.048903715916727125
1080,2.329999999999881,0.11893092246441353,0.050757199878342985
1081,2.330999999999881,0.11761439371372834,0.04752396672139116
1082,2.331999999999881,0.12113365829981701,0.04971985978500092
1083,2.3329999999998807,0.11225714951321018,0.04588847940441064
1084,2.3339999999998806,0.11570159656470339,0.046896550321008194
1085,2.3349999999998805,0.11073219705042685,0.04451552025636057
1086,2.3359999999998804,0.11252775853559611,0.04687112416560504
1087,2.3369999999998803,0.11389709074111026,0.04973421715930752
1088,2.33799999999988,0.10968967521885899,0.04609987988367008
1089,2.33899999999988,0.12393856440470148,0.04987961584243307
1090,2.33999999999988,0.11853223629414243,0.04955362734012255
1091,2.34099999999988,0.10713274494296154,0.04317094012059852
1092,2.3419999999998797,0.12043833359374811,0.04977005342340094
1093,2.3429999999998796,0.11975235228467836,0.048977715200570864
1094,2.3439999999998795,0.11389563500904708,0.04862916595495471
1095,2.3449999999998794,0.11508973653872805,0.04767075218292683
1096,2.3459999999998793,0.11589802212510214,0.046481373215971344
1097,2.346999999999879,0.11279441100345697,0.046221591651457714
1098,2.347999999999879,0.1187474229858537,0.04935384515493361
1099,2.348999999999879,0.1208143597842518,0.05034379929793568
1100,2.349999999999879,0.1127444214925095,0.045593873104155164
1101,2.3509999999998787,0.10982186891990582,0.045740280329094475
1102,2.3519999999998786,0.12241293624429228,0.049625299817542205
1103,2.3529999999998785,0.11643103254672811,0.046909810670286746
1104,2.3539999999998784,0.16674607018833468,0.10776854621811975
1105,2.3549999999998783,0.11170747153061918,0.044861284102252194
1106,2.355999999999878,0.1466239232384081,0.09168192169062668
1107,2.356999999999878,0.11606300376171078,0.04753432624061265
1108,2.357999999999878,0.11842622998692093,0.04829476450836619
1109,2.358999999999878,0.1110131864139898,0.046774461829014874
1110,2.3599999999998778,0.11832879896271033,0.05426684927396463
1111,2.3609999999998776,0.11043996084700887,0.044189750769583126
1112,2.3619999999998775,0.11600562409598383,0.045343238690486815
1113,2.3629999999998774,0.12372811381809155,0.05324447176241031
1114,2.3639999999998773,0.11220424237307701,0.04535749594019054
1115,2.364999999999877,0.13604416313863113,0.06646402985351058
1116,2.365999999999877,0.10439271420521695,0.040206801129105484
1117,2.366999999999877,0.11329565402977074,0.04389811887838481
1118,2.367999999999877,0.11880451422100491,0.04917183204053689
1119,2.3689999999998768,0.11761730121168608,0.0478462353279817
1120,2.3699999999998766,0.11457495297468018,0.0470547670070816
1121,2.3709999999998765,0.10679487568986798,0.043426056048950015
1122,2.3719999999998764,0.11715318496373618,0.04875777221186165
1123,2.3729999999998763,0.11219695760862701,0.045143767160970155
1124,2.373999999999876,0.11593261936431466,0.04678886452206905
1125,2.374999999999876,0.10860057396146637,0.04416558278384663
1126,2.375999999999876,0.11304228523942947,0.046137556125064406
1127,2.376999999999876,0.10966554664137887,0.043355193322976014
1128,2.3779999999998758,0.11103708047576144,0.045123326424021774
1129,2.3789999999998757,0.10501119618942349,0.04269168695347534
1130,2.3799999999998755,0.14353161255280772,0.09147329421612012
1131,2.3809999999998754,0.10311277204889573,0.04097420861174819
1132,2.3819999999998753,0.12471917797106695,0.048983138296861975
1133,2.382999999999875,0.12442647914607331,0.04934525935913292
1134,2.383999999999875,0.1142603511617797,0.04789809484342609
1135,2.384999999999875,0.11269805341124894,0.04562001113657376
1136,2.385999999999875,0.10931558738885873,0.04562364654574186
1137,2.3869999999998748,0.11559554934063544,0.04911593582516019
1138,2.3879999999998747,0.112297759368264,0.04305408737268594
1139,2.3889999999998746,0.1167323613496442,0.04615987763235569
1140,2.3899999999998744,0.11632724265964176,0.04527918290366025
1141,2.3909999999998743,0.10782746105171308,0.045298866818968414
1142,2.3919999999998742,0.11653995412625583,0.0487925995095466
1143,2.392999999999874,0.10826074083144055,0.03991807627422064
1144,2.393999999999874,0.11476229103927471,0.0472943873360083
1145,2.394999999999874,0.11208875029598929,0.04318657460641967
1146,2.395999999999874,0.11471984371755216,0.04424059529167055
1147,2.3969999999998737,0.11734385813387646,0.04871329206137848
1148,2.3979999999998736,0.1160043176525934,0.044544298249242824
1149,2.3989999999998735,0.10528115014865888,0.04365778410464953
1150,2.3999999999998733,0.11076475917981281,0.04523451904034623
1151,2.4009999999998732,0.12168342114352887,0.048352467570616314
1152,2.401999999999873,0.10836038681042956,0.0448807759833286
1153,2.402999999999873,0.10693328893342587,0.042836367718585275
1154,2.403999999999873,0.11415810526981142,0.04679551042375924
1155,2.404999999999873,0.10796368666108601,0.04403604110153247
1156,2.4059999999998727,0.11040016945078567,0.04317382137266233
1157,2.4069999999998726,0.11350062608834624,0.04715115698901915
1158,2.4079999999998725,0.10789029482937808,0.04197237917797983
1159,2.4089999999998724,0.1121389858889006,0.043581887403823794
1160,2.4099999999998722,0.11851244384368678,0.04787818050489373
1161,2.410999999999872,0.11665501459248157,0.04469840525571524
1162,2.411999999999872,0.11590145325575776,0.04732615743441814
1163,2.412999999999872,0.11999696150725368,0.04927838605982645
1164,2.413999999999872,0.10364304472783953,0.03998731798596568
1165,2.4149999999998717,0.10662341358475196,0.04145609494287699
1166,2.4159999999998716,0.11203029477714879,0.04628904613515383
1167,2.4169999999998715,0.11698442596372577,0.050998936881721045
1168,2.4179999999998714,0.10989822583810437,0.04222289165729148
1169,2.4189999999998713,0.11453876950528749,0.05357973380474421
1170,2.419999999999871,0.11070177836650001,0.0437429697587287
1171,2.420999999999871,0.11122358777736906,0.04554610407870581
1172,2.421999999999871,0.11289327949410982,0.04896821672170386
1173,2.422999999999871,0.11025477138936184,0.04200481219765242
1174,2.4239999999998707,0.11646217928190877,0.046212872535049736
1175,2.4249999999998706,0.11807070721604955,0.04954431773277533
1176,2.4259999999998705,0.11031753772705248,0.043275262944933474
1177,2.4269999999998704,0.1104730898532251,0.0413902809506655
1178,2.4279999999998703,0.10944585403688305,0.042733399171884144
1179,2.42899999999987,0.12111589523189507,0.048616374570336456
1180,2.42999999999987,0.11561087776531552,0.044322673004405344
1181,2.43099999999987,0.10853219596599266,0.04385940520829725
1182,2.43199999999987,0.1869128567498021,0.11666220964409049
1183,2.4329999999998697,0.11278835876515361,0.041910715118837524
1184,2.4339999999998696,0.10756911203267189,0.042533569051138094
1185,2.4349999999998695,0.11438626627571112,0.04460694029154394
1186,2.4359999999998694,0.11306446736450063,0.043570588146896495
1187,2.4369999999998693,0.11668835502246078,0.045424407990174984
1188,2.437999999999869,0.10903844410332372,0.04497102132829463
1189,2.438999999999869,0.11189562816433177,0.04219173187825778
1190,2.439999999999869,0.10925064480495947,0.04526324067276038
1191,2.440999999999869,0.11942984892663853,0.04762068583389401
1192,2.4419999999998687,0.1181299347997838,0.04563457942929672
1193,2.4429999999998686,0.11843226754660452,0.04637048791826035
1194,2.4439999999998685,0.109268760069249,0.04352976747035744
1195,2.4449999999998684,0.1144928339569266,0.0495792458813762
1196,2.4459999999998683,0.11170766865831684,0.04281279767762218
1197,2.446999999999868,0.11332885120053071,0.047194309012566396
1198,2.447999999999868,0.11953405494133972,0.04954355928882923
1199,2.448999999999868,0.11633347823147903,0.04943275402275858
1200,2.449999999999868,0.11807180429315348,0.04720045860185635
1201,2.4509999999998677,0.10724333181289893,0.038624395220187124
1202,2.4519999999998676,0.12781358030493406,0.0500071309578393
1203,2.4529999999998675,0.12195852031370237,0.04739529322226473
1204,2.4539999999998674,0.10162171371845767,0.041091678427286595
1205,2.4549999999998673,0.10671648037812033,0.045269452227404784
1206,2.455999999999867,0.11730879373835858,0.04746763138696072
1207,2.456999999999867,0.12410359725286943,0.048433435995896466
1208,2.457999999999867,0.12338868738449603,0.047651177907991886
1209,2.458999999999867,0.1174421062766709,0.04558548871393361
1210,2.4599999999998667,0.10585351834858543,0.04459299515688642
1211,2.4609999999998666,0.11909070193217151,0.050470141646290295
1212,2.4619999999998665,0.12421443587841774,0.050644751711998184
1213,2.4629999999998664,0.1140243612570103,0.04757933666947257
1214,2.4639999999998663,0.1214085841714227,0.05061780377626088
1215,2.464999999999866,0.11917743504877298,0.04586385048267159
1216,2.465999999999866,0.11257698129313368,0.03987039674958262
1217,2.466999999999866,0.11197700282455116,0.041248035757759025
1218,2.467999999999866,0.1203533917066601,0.051537140928016194
1219,2.4689999999998657,0.11007276549621015,0.045784818720757216
1220,2.4699999999998656,0.12068545933257187,0.046198963400987295
1221,2.4709999999998655,0.12020441847308282,0.04914652842266889
1222,2.4719999999998654,0.11614332112780422,0.04540934425462921
1223,2.4729999999998653,0.11298801463588107,0.05067838452122432
1224,2.473999999999865,0.1190454129587815,0.046246618434161314
1225,2.474999999999865,0.17342678109799733,0.10900847084866509
1226,2.475999999999865,0.13019171217597597,0.044217627255197685
1227,2.476999999999865,0.12049828940386295,0.048802716282816516
1228,2.4779999999998648,0.13018997101490773,0.03906523723451993
1229,2.4789999999998646,0.09649032403506191,0.04768050913162007
1230,2.4799999999998645,0.1284891777419698,0.04874001692432969
1231,2.4809999999998644,0.10155454235832778,0.0540283181980721
1232,2.4819999999998643,0.12703008913094072,0.03919785189856229
1233,2.482999999999864,0.07995418439614181,0.040203223800815584
1234,2.483999999999864,0.12520979250474085,0.0388670503776337
1235,2.484999999999864,0.11136761631068084,0.04220155813427957
1236,2.485999999999864,0.14694796392017012,0.04860784511052764
1237,2.4869999999998638,0.14657398276922134,0.05216857986122045
1238,2.4879999999998637,0.13344527297496864,0.046813366609478664
1239,2.4889999999998635,0.13360946033760993,0.04892138530617109
1240,2.4899999999998634,0.09720584067180646,0.041363631574989554
1241,2.4909999999998633,0.140715666713097,0.044135500981980665
1242,2.491999999999863,0.06540962608993889,0.04656256208720149
1243,2.492999999999863,0.15342067216724564,0.045390164997272595
1244,2.493999999999863,0.1428002267911118,0.043562706667358
1245,2.494999999999863,0.07535841999500494,0.04161759054572779
1246,2.4959999999998628,0.12589613241310488,0.052144631062440404
1247,2.4969999999998627,0.12139707155658358,0.04428699301259445
1248,2.4979999999998626,0.11074581255366273,0.04740603618669582
1249,2.4989999999998624,0.10301363303331901,0.05291969650758249
1250,2.4999999999998623,0.10217468690986443,0.045364808541685245
