,f_kHz,A_ch1,A_ch2
0,1.25,0.07892745138338461,0.14181509099719455
1,1.251,0.07433414774880864,0.14305465248641563
2,1.2519999999999998,0.07241655252947217,0.14769808445212576
3,1.2529999999999997,0.07263887171124578,0.14796980192165407
4,1.2539999999999996,0.08575797476261518,0.1552478421072273
5,1.2549999999999994,0.08678246665523028,0.15953802718471824
6,1.2559999999999993,0.07302360548472567,0.161183841189176
7,1.2569999999999992,0.07388110762808245,0.1616532140919973
8,1.2579999999999991,0.07494863837074407,0.1689875926513737
9,1.258999999999999,0.08095434719279593,0.17808714079990307
10,1.259999999999999,0.0804006024201141,0.1777133521436587
11,1.2609999999999988,0.07807707761216826,0.18852148130059238
12,1.2619999999999987,0.07992788595018047,0.18729752579116374
13,1.2629999999999986,0.07923723769218549,0.19787452093530905
14,1.2639999999999985,0.08934642231928074,0.2104296258716328
15,1.2649999999999983,0.08171554181510784,0.20996105520840555
16,1.2659999999999982,0.08621677065174016,0.22926287757257666
17,1.2669999999999981,0.08327634531802419,0.2234366864016315
18,1.267999999999998,0.09697988121452829,0.21927766867206366
19,1.268999999999998,0.08506118211634682,0.23608849767519258
20,1.2699999999999978,0.0889648936780988,0.2532391652417783
21,1.2709999999999977,0.08547462929593719,0.25300535462042456
22,1.2719999999999976,0.08450714059772581,0.2738121472993511
23,1.2729999999999975,0.0846406959713995,0.27304857813247696
24,1.2739999999999974,0.08925519865188823,0.2942234891733228
25,1.2749999999999972,0.09085901190363148,0.31848692024362585
26,1.2759999999999971,0.08902649045784279,0.31957875458357815
27,1.276999999999997,0.09747608267772119,0.3348752225713225
28,1.277999999999997,0.0922160208198321,0.34821740668773166
29,1.2789999999999968,0.1013990030295539,0.4061444107893423
30,1.2799999999999967,0.09409218898778969,0.38254931022601657
31,1.2809999999999966,0.11343990643967855,0.5060673151579824
32,1.2819999999999965,0.09929262804669192,0.4654774392088051
33,1.2829999999999964,0.09875912967923013,0.4614769311223714
34,1.2839999999999963,0.09994297431898347,0.5141773108416087
35,1.2849999999999961,0.10674494037058095,0.5099836674347336
36,1.285999999999996,0.1020754362624353,0.5578947619803122
37,1.286999999999996,0.1024288867665328,0.5568809147932383
38,1.2879999999999958,0.10433552124203346,0.5974717733311304
39,1.2889999999999957,0.1078822264842709,0.6070267303498473
40,1.2899999999999956,0.10758639072105981,0.6209372741439539
41,1.2909999999999955,0.1074088358252015,0.6389225376693185
42,1.2919999999999954,0.11785344961873119,0.6068607136517017
43,1.2929999999999953,0.11121630866099877,0.6365694263422885
44,1.2939999999999952,0.11072091971322955,0.6331215643465522
45,1.294999999999995,0.1215237569247908,0.602981691736979
46,1.295999999999995,0.11288474254680252,0.5964530144210872
47,1.2969999999999948,0.11470912780197498,0.5566888020371565
48,1.2979999999999947,0.12801852908049174,0.5004609394686619
49,1.2989999999999946,0.1197094777811201,0.4992216788544638
50,1.2999999999999945,0.12210742209919362,0.45176542302577066
51,1.3009999999999944,0.12284031379168575,0.45130927038151897
52,1.3019999999999943,0.12704158069132487,0.4087540748314395
53,1.3029999999999942,0.1272030663554522,0.40823341314344863
54,1.303999999999994,0.13271963528614608,0.37062197388825435
55,1.304999999999994,0.13532410496396,0.37044878867057973
56,1.3059999999999938,0.13795317120565465,0.3397279844704082
57,1.3069999999999937,0.14283200783874517,0.31002720734041156
58,1.3079999999999936,0.14532809367861485,0.30828524128753565
59,1.3089999999999935,0.1568953490454227,0.28622740553184317
60,1.3099999999999934,0.14842364493894158,0.28491917206269557
61,1.3109999999999933,0.15622982245774178,0.2636566294256066
62,1.3119999999999932,0.1577266097024242,0.2638932781604566
63,1.312999999999993,0.16541154344881,0.24468107624542
64,1.313999999999993,0.16670181610583523,0.2435773976514563
65,1.3149999999999928,0.17293371315747683,0.22635289401664435
66,1.3159999999999927,0.1733274442046093,0.22655439479598488
67,1.3169999999999926,0.18071426613275732,0.2136084312359899
68,1.3179999999999925,0.19436138376799855,0.20054473027020964
69,1.3189999999999924,0.19572753537447224,0.19967647227562196
70,1.3199999999999923,0.20528564602097812,0.1884221520095763
71,1.3209999999999922,0.22201902169118673,0.17790046117903682
72,1.321999999999992,0.2201060518059154,0.1786622191264018
73,1.322999999999992,0.24632863979340186,0.17134452560711402
74,1.3239999999999919,0.23751482913967212,0.1694557431415554
75,1.3249999999999917,0.26466901292510475,0.1625429808700196
76,1.3259999999999916,0.2586814801568666,0.16106327749528027
77,1.3269999999999915,0.25020130752782127,0.15395083651133765
78,1.3279999999999914,0.27862602261721997,0.15297186732023732
79,1.3289999999999913,0.41536714057904,0.1593789231841129
80,1.3299999999999912,0.3360730315994396,0.14005460576701312
81,1.330999999999991,0.3371484428544678,0.13981790613140538
82,1.331999999999991,0.38645030875578745,0.13438232821506857
83,1.3329999999999909,0.37890088418572626,0.13634574393131285
84,1.3339999999999907,0.40392009776148974,0.12821051646757614
85,1.3349999999999906,0.4275080040585108,0.12794853595148592
86,1.3359999999999905,0.4738556747304586,0.12425664186252088
87,1.3369999999999904,0.484972638086865,0.12305831976228866
88,1.3379999999999903,0.5617606386782021,0.1184106335578134
89,1.3389999999999902,0.6464042265337027,0.11138470047707588
90,1.33999999999999,0.6504725709176704,0.11219971401373757
91,1.34099999999999,0.7547850521267147,0.10719016390552759
92,1.3419999999999899,0.7596065511626738,0.10754371628963763
93,1.3429999999999898,0.8699627949182228,0.10351802159706153
94,1.3439999999999896,0.8622843926082724,0.10284089064116704
95,1.3449999999999895,0.9210724572121523,0.10070350324921584
96,1.3459999999999894,0.8999940062812147,0.09746444072593845
97,1.3469999999999893,0.9051517496139105,0.09837211921012898
98,1.3479999999999892,0.9044308931942997,0.09838959659044623
99,1.348999999999989,0.8169066666445105,0.095580559772646
100,1.349999999999989,0.7115708308282948,0.09404974654677542
101,1.3509999999999889,0.7123814688258161,0.09409404332771713
102,1.3519999999999888,0.611738162452437,0.09291895619354336
103,1.3529999999999887,0.5273250351689157,0.08996134506372923
104,1.3539999999999885,0.5272431415326712,0.09047522514946209
105,1.3549999999999884,0.4621998105190771,0.08772547208999897
106,1.3559999999999883,0.4623899964860396,0.08821961032721226
107,1.3569999999999882,0.4061545167738962,0.08527785422827701
108,1.357999999999988,0.40411157826387284,0.08488849353310705
109,1.358999999999988,0.40816733630117574,0.09740177721262323
110,1.3599999999999879,0.3607553316293548,0.08355603986111054
111,1.3609999999999878,0.32810629634124877,0.08206805522593281
112,1.3619999999999877,0.27739901571698883,0.07999885402285928
113,1.3629999999999876,0.30416599501289787,0.08004880590477141
114,1.3639999999999874,0.22718391089322099,0.08000094339737125
115,1.3649999999999873,0.25198621306109686,0.07477623713555533
116,1.3659999999999872,0.25545961711613285,0.07515345540434344
117,1.3669999999999871,0.23472868863242857,0.07379245753853562
118,1.367999999999987,0.2931576997714075,0.07853565479110484
119,1.368999999999987,0.21713963508879755,0.07153401045346602
120,1.3699999999999868,0.22225833370610665,0.07295554736679626
121,1.3709999999999867,0.21296965127394688,0.071064488029828
122,1.3719999999999866,0.20803803118098677,0.07137987927428055
123,1.3729999999999865,0.19643250994872008,0.06906108026288013
124,1.3739999999999863,0.19739702956963223,0.0693927491704596
125,1.3749999999999862,0.17941929872921863,0.06819755706954021
126,1.3759999999999861,0.17702209218867393,0.06658994752465268
127,1.376999999999986,0.17660245696825835,0.0651065727373849
128,1.377999999999986,0.16707028330050328,0.06444276923685656
129,1.3789999999999858,0.16769464645217602,0.06405440335161432
130,1.3799999999999857,0.1580620136956309,0.06211140459201853
131,1.3809999999999856,0.1535981851351986,0.06135689409865816
132,1.3819999999999855,0.15393265494014075,0.0623857527130528
133,1.3829999999999854,0.1476303107406969,0.06062779262002649
134,1.3839999999999852,0.14616459298408147,0.06079049272728067
135,1.3849999999999851,0.14676569081105081,0.060284183723924994
136,1.385999999999985,0.14171849254158586,0.059596327607139975
137,1.386999999999985,0.1360305944479318,0.057647709050905556
138,1.3879999999999848,0.13464347461942458,0.05977980729386919
139,1.3889999999999847,0.13039103562150278,0.05674973593222633
140,1.3899999999999846,0.1246257832964748,0.05530327017796274
141,1.3909999999999845,0.1255522191944114,0.05448124793498095
142,1.3919999999999844,0.12498538809779805,0.05569668334999723
143,1.3929999999999843,0.11851256407285558,0.05402160267890259
144,1.3939999999999841,0.12072349155232942,0.054386103694164536
145,1.394999999999984,0.12243604442009967,0.054639959404803325
146,1.395999999999984,0.11974678152259068,0.054525062621572626
147,1.3969999999999838,0.10991711822569611,0.0513869010509442
148,1.3979999999999837,0.11204020326706549,0.051274620872204066
149,1.3989999999999836,0.12353428203779063,0.053458971438906135
150,1.3999999999999835,0.1078292870142594,0.04966267577933113
151,1.4009999999999834,0.10633027626385706,0.04973184626345379
152,1.4019999999999833,0.10476321283432226,0.0497606801494383
153,1.4029999999999831,0.09970244501204281,0.048133382466668206
154,1.403999999999983,0.10247637475815158,0.049926638449977974
155,1.404999999999983,0.10236435834747679,0.048425409463153185
156,1.4059999999999828,0.0977788611062055,0.046573274564738504
157,1.4069999999999827,0.10268331514215243,0.04834933213909594
158,1.4079999999999826,0.09504993276060943,0.046520161015039
159,1.4089999999999825,0.09389996185558168,0.047022234881204585
160,1.4099999999999824,0.09086336003615171,0.044003073422616466
161,1.4109999999999823,0.08962631470690982,0.04441717388444148
162,1.4119999999999822,0.09169313816135596,0.044556252089566754
163,1.412999999999982,0.08841906676826516,0.04469912995941549
164,1.413999999999982,0.08838507240694814,0.043831744321423054
165,1.4149999999999818,0.08756714211739851,0.04230802629839843
166,1.4159999999999817,0.10881568796687575,0.049063145170459156
167,1.4169999999999816,0.08373730646495646,0.04225592966669672
168,1.4179999999999815,0.1073745804346347,0.05699422411105902
169,1.4189999999999814,0.08453032881039858,0.04170414728786976
170,1.4199999999999813,0.12514220911898516,0.07007621308970415
171,1.4209999999999812,0.0924613575689202,0.044993345594330485
172,1.421999999999981,0.08338130403445676,0.040689368952811236
173,1.422999999999981,0.08451155497117914,0.04056897768457475
174,1.4239999999999808,0.07984848441812463,0.0399380340885518
175,1.4249999999999807,0.08288594227760998,0.039976169581151404
176,1.4259999999999806,0.07739548739979014,0.0392706073244179
177,1.4269999999999805,0.0825827065387596,0.03935633380347327
178,1.4279999999999804,0.07955570140607852,0.04075113234097632
179,1.4289999999999803,0.08429954258938521,0.040962822687475996
180,1.4299999999999802,0.08527374650518796,0.04031702665497866
181,1.43099999999998,0.08878153938792735,0.039885310845370094
182,1.43199999999998,0.07720593152437527,0.03878963001911235
183,1.4329999999999798,0.07286591692280797,0.035476333438719594
184,1.4339999999999797,0.07473428264405424,0.03758318397062731
185,1.4349999999999796,0.07275347994086663,0.03724917447461223
186,1.4359999999999795,0.07106936456347182,0.03611189077256292
187,1.4369999999999794,0.07643297560213044,0.03716172520788928
188,1.4379999999999793,0.0742190482944023,0.03544388536545228
189,1.4389999999999792,0.0722558182251475,0.035746168581046435
190,1.439999999999979,0.07004020022560231,0.03495180744852791
191,1.440999999999979,0.07106978376750883,0.03526374823744006
192,1.4419999999999789,0.0704841320519202,0.03522768383930966
193,1.4429999999999787,0.06598670602169639,0.03338998980974121
194,1.4439999999999786,0.09029429576525139,0.03714048486243462
195,1.4449999999999785,0.0658363046432954,0.03324999445353288
196,1.4459999999999784,0.06962367596938887,0.03299819457673125
197,1.4469999999999783,0.06580893095527807,0.032847063863205815
198,1.4479999999999782,0.06385033606054151,0.031843005917665625
199,1.448999999999978,0.06944252749492344,0.032447196403409075
200,1.449999999999978,0.07164544191199862,0.03457936226108524
201,1.4509999999999779,0.0785745496655948,0.035486558660570634
202,1.4519999999999778,0.06797541063302007,0.031829330691904044
203,1.4529999999999776,0.08598932068013757,0.04269545030898831
204,1.4539999999999775,0.06771759080776776,0.03228012320887506
205,1.4549999999999774,0.11431413103838886,0.06458954220486554
206,1.4559999999999773,0.06561567274390441,0.030781330342826357
207,1.4569999999999772,0.06690441649507281,0.031352601938572436
208,1.457999999999977,0.060952106599049344,0.030448880255631614
209,1.458999999999977,0.06294775753879661,0.030018248258220973
210,1.4599999999999769,0.061856728044299196,0.03078204594640986
211,1.4609999999999768,0.06791745598762622,0.031652038520550686
212,1.4619999999999767,0.06406350106463095,0.030573395229783792
213,1.4629999999999765,0.062479307672942005,0.02856442893536921
214,1.4639999999999764,0.06779102337855251,0.03215979911607764
215,1.4649999999999763,0.06398813905673666,0.029249921974992654
216,1.4659999999999762,0.06273414631082755,0.029606873772470364
217,1.466999999999976,0.06684594024788326,0.029317178725033626
218,1.467999999999976,0.06137066579144922,0.02928887891755471
219,1.4689999999999759,0.0619667163281505,0.028142532913071925
220,1.4699999999999758,0.06910025387013115,0.030224000804532018
221,1.4709999999999757,0.07179873895066462,0.03022301475441793
222,1.4719999999999756,0.08086494947546913,0.03704910704673199
223,1.4729999999999754,0.057940628091113486,0.026544882407732135
224,1.4739999999999753,0.06107965305029383,0.02863352214801859
225,1.4749999999999752,0.06807503809943224,0.03146316553034563
226,1.475999999999975,0.060354534954409414,0.026431148606474598
227,1.476999999999975,0.06104299588722097,0.026414720792554754
228,1.477999999999975,0.059136067611854755,0.027270099099690966
229,1.4789999999999748,0.05864134920417921,0.027554277642969197
230,1.4799999999999747,0.05710630121865324,0.025903542511709742
231,1.4809999999999746,0.057643152863564424,0.027503208405212077
232,1.4819999999999744,0.07471542249319992,0.029603722549914252
233,1.4829999999999743,0.058066223279556926,0.02592754172240871
234,1.4839999999999742,0.061418706961819725,0.026498958492691762
235,1.4849999999999741,0.05935470618964295,0.02640368144838343
236,1.485999999999974,0.05752528127021547,0.027792136996884948
237,1.486999999999974,0.056447052808020745,0.024310226094780975
238,1.4879999999999738,0.05582959397934384,0.024902580736866874
239,1.4889999999999737,0.06656327817705099,0.03523856954390996
240,1.4899999999999736,0.062334013422084854,0.02729536529166282
241,1.4909999999999735,0.05575483495828029,0.0251562462495347
242,1.4919999999999733,0.0598176559034332,0.027045617821513546
243,1.4929999999999732,0.0666179777001283,0.029832192113171747
244,1.4939999999999731,0.05838056010147846,0.025650952867723422
245,1.494999999999973,0.052288946127761374,0.0242293420726166
246,1.495999999999973,0.052470881569635065,0.024120000425972152
247,1.4969999999999728,0.0524523138888452,0.023746655563469936
248,1.4979999999999727,0.0625224364691803,0.02685045010330469
249,1.4989999999999726,0.055370917844853255,0.02600174867471895
250,1.4999999999999725,0.05355582815742334,0.025639635215233294
251,1.5009999999999724,0.05623258880411884,0.02659754816784315
252,1.5019999999999722,0.053435728020791745,0.02420194589600516
253,1.5029999999999721,0.0532386492989445,0.02558823873354078
254,1.503999999999972,0.054720684168936606,0.02680848157215966
255,1.504999999999972,0.06152665718078492,0.02778933951562564
256,1.5059999999999718,0.057170593542704325,0.02770547080313411
257,1.5069999999999717,0.05778320538282372,0.026786432654407485
258,1.5079999999999716,0.05798585940051217,0.02898255319843672
259,1.5089999999999715,0.05902082645229717,0.028094470214176714
260,1.5099999999999714,0.04905046779515136,0.023914721011815392
261,1.5109999999999713,0.04899035238777016,0.023110641643165838
262,1.5119999999999711,0.06580845855592049,0.02867489816406448
263,1.512999999999971,0.05904452450289353,0.026826310522677678
264,1.513999999999971,0.05243717340196273,0.023215751708176913
265,1.5149999999999708,0.05909279083252463,0.02431155855768836
266,1.5159999999999707,0.052236823388870104,0.02357447925132487
267,1.5169999999999706,0.08859890216549944,0.05006141094316488
268,1.5179999999999705,0.0523513358380348,0.02313300138941302
269,1.5189999999999704,0.04825507497980446,0.021889724147980273
270,1.5199999999999703,0.05170043131137084,0.024081452142445905
271,1.5209999999999702,0.054122688382425836,0.023476385277859082
272,1.52199999999997,0.061708813469085945,0.02590589341632707
273,1.52299999999997,0.047783005518100614,0.021017099691083285
274,1.5239999999999698,0.05692008911658502,0.021867515231650914
275,1.5249999999999697,0.05120738633638512,0.020803003487300915
276,1.5259999999999696,0.05437100079556498,0.024024619404125067
277,1.5269999999999695,0.058204901748614604,0.024587088618633575
278,1.5279999999999694,0.05469274440648639,0.022295407917822772
279,1.5289999999999693,0.04492505415888353,0.019430741299147174
280,1.5299999999999692,0.04899764944092327,0.02224350745476761
281,1.530999999999969,0.06717723678723571,0.02720383040336879
282,1.531999999999969,0.056762186570812945,0.02738560065703784
283,1.5329999999999688,0.04479916505828087,0.019930062924956304
284,1.5339999999999687,0.04772807893529949,0.02143736792064174
285,1.5349999999999686,0.04898810488798924,0.022549671344439623
286,1.5359999999999685,0.04781368266098769,0.020751866169757747
287,1.5369999999999684,0.04504785987394545,0.01921346787889156
288,1.5379999999999683,0.060977497030023566,0.026176027177563746
289,1.5389999999999682,0.053848556575301465,0.025691382790278747
290,1.539999999999968,0.04379795435537835,0.019257185965307077
291,1.540999999999968,0.06426817972696315,0.029806337618583378
292,1.5419999999999678,0.046405968923891844,0.021097401414540227
293,1.5429999999999677,0.04886571164170165,0.020279633526034506
294,1.5439999999999676,0.04953273950459705,0.020694029107917282
295,1.5449999999999675,0.04533515102867117,0.019468048953714373
296,1.5459999999999674,0.04354048495152284,0.020803003487300936
297,1.5469999999999673,0.04258149147243491,0.02049824844341132
298,1.5479999999999672,0.0432371676810656,0.020033815377098682
299,1.548999999999967,0.05282014680426226,0.0230724287144243
300,1.549999999999967,0.0550843045836988,0.02409463108639482
301,1.5509999999999668,0.04507775472742842,0.02096975972003157
302,1.5519999999999667,0.05340546674882409,0.02039031430782091
303,1.5529999999999666,0.0583858849163452,0.02375860227700914
304,1.5539999999999665,0.04460699381050633,0.01998725825033859
305,1.5549999999999664,0.048418329123223365,0.021644472067238303
306,1.5559999999999663,0.043402463842024654,0.018989956757139048
307,1.5569999999999662,0.05156332622345025,0.021197152118827136
308,1.557999999999966,0.059186513546047814,0.02724685443450027
309,1.558999999999966,0.04838511733261057,0.020894921313965437
310,1.5599999999999659,0.04868299493781822,0.021746718510303634
311,1.5609999999999657,0.04683584874051063,0.02109242606858486
312,1.5619999999999656,0.04169146759936709,0.020981558409503158
313,1.5629999999999655,0.048661384852769225,0.020899199699427533
314,1.5639999999999654,0.06752298523273746,0.028299420634958376
315,1.5649999999999653,0.056951371449697474,0.020943482241465354
316,1.5659999999999652,0.05415053953837962,0.02426754865234421
317,1.566999999999965,0.049938640384998775,0.02179629463069959
318,1.567999999999965,0.050462316220453135,0.02269287002996456
319,1.5689999999999649,0.052638360387342334,0.019876745083050845
320,1.5699999999999648,0.05237115128611677,0.022260219574121404
321,1.5709999999999646,0.04902912535685873,0.020301154178941294
322,1.5719999999999645,0.05171906856140277,0.022122889513867542
323,1.5729999999999644,0.0528062401722276,0.022029272512199428
324,1.5739999999999643,0.05332507472819144,0.02330738281855899
325,1.5749999999999642,0.054812335331056436,0.02269601024389232
326,1.575999999999964,0.05317145420805099,0.020799452886090152
327,1.576999999999964,0.04703257371656452,0.02171720490349466
328,1.5779999999999639,0.04896588875491157,0.02270200399158527
329,1.5789999999999638,0.04894937881456964,0.021626265616120154
330,1.5799999999999637,0.045795457999437794,0.022796723408217503
331,1.5809999999999635,0.052595032209488066,0.024841941499434035
332,1.5819999999999634,0.04259755025071557,0.023261306015223828
333,1.5829999999999633,0.04918751954657485,0.024662071487198265
334,1.5839999999999632,0.04623642230195111,0.02452461268738065
335,1.584999999999963,0.04356451638063272,0.024348837914594787
336,1.585999999999963,0.04024581313991941,0.0267293402915131
337,1.5869999999999629,0.04471465583982193,0.029503803670080674
338,1.5879999999999628,0.04028297027108265,0.03329516834585633
339,1.5889999999999627,0.05562474296115595,0.04056102408217825
340,1.5899999999999626,0.0442255355313191,0.03423535052010104
341,1.5909999999999624,0.05068565833499724,0.03260733444715214
342,1.5919999999999623,0.0456415542984848,0.031741481954040945
343,1.5929999999999622,0.03821463202644852,0.025781954975815417
344,1.5939999999999621,0.051158921911159026,0.02853719886419553
345,1.594999999999962,0.06676083655157929,0.04100076347220637
346,1.595999999999962,0.03733094217323536,0.022899766315200475
347,1.5969999999999618,0.0488794938626795,0.02558216146471715
348,1.5979999999999617,0.039747326363526146,0.02413825842936333
349,1.5989999999999616,0.03683070613813959,0.022760374545937722
350,1.5999999999999615,0.04470100942325389,0.025953865298268645
351,1.6009999999999613,0.04697627338282313,0.026348267818135287
352,1.6019999999999612,0.042686766939179915,0.024322162359282584
353,1.6029999999999611,0.037948466951308074,0.022010148113941416
354,1.603999999999961,0.04015181819350416,0.02331182985888079
355,1.604999999999961,0.04589288166773628,0.023601944972015978
356,1.6059999999999608,0.03886235729276996,0.021699776032891888
357,1.6069999999999607,0.04165914279657602,0.022743915998253622
358,1.6079999999999606,0.041440165836900335,0.022340924911558157
359,1.6089999999999605,0.04918562342020261,0.02360496425026042
360,1.6099999999999604,0.04120770522350028,0.020172007040965275
361,1.6109999999999602,0.04783805857776303,0.028774543257893134
362,1.6119999999999601,0.04093698447328319,0.020003782566207193
363,1.61299999999996,0.047694848195294015,0.02183050951677045
364,1.61399999999996,0.048415225682581636,0.021805269350423515
365,1.6149999999999598,0.03585095945795387,0.021118518219231257
366,1.6159999999999597,0.04016446246486316,0.020422570450717388
367,1.6169999999999596,0.039625484211698175,0.020670472863051653
368,1.6179999999999595,0.04183652725536384,0.021877704520158334
369,1.6189999999999594,0.03542376608010813,0.020978408623470904
370,1.6199999999999593,0.048433950320966535,0.022519081158961656
371,1.6209999999999591,0.04462302033845299,0.023543844710417528
372,1.621999999999959,0.04258708840077614,0.022846232930243484
373,1.622999999999959,0.036906875745294984,0.021818576041906436
374,1.6239999999999588,0.04091245448589339,0.022964405888374773
375,1.6249999999999587,0.035114081397951864,0.019648579669781598
376,1.6259999999999586,0.03306778531861397,0.02147088746768244
377,1.6269999999999585,0.047558424769885144,0.02397711085199877
378,1.6279999999999584,0.04747437988097307,0.025941081470542433
379,1.6289999999999583,0.03168079874101022,0.01961610767457925
380,1.6299999999999581,0.031803223188033726,0.020883508000911707
381,1.630999999999958,0.03418945163493492,0.020891758465929312
382,1.631999999999958,0.039764269125314416,0.022921709954882172
383,1.6329999999999578,0.03963855780905943,0.021373202526626632
384,1.6339999999999577,0.048299614552442784,0.024025428394677882
385,1.6349999999999576,0.04154680562554378,0.02090732002225951
386,1.6359999999999575,0.033076402045442856,0.01996799504402268
387,1.6369999999999574,0.038092274055505936,0.023317776449534536
388,1.6379999999999573,0.043089307960609134,0.02256363013136033
389,1.6389999999999572,0.037682965597651004,0.020965248519399474
390,1.639999999999957,0.04699502009179012,0.023443246027915407
391,1.640999999999957,0.037622934296310626,0.022755762797230926
392,1.6419999999999568,0.03370312407235921,0.02071655785966374
393,1.6429999999999567,0.04555974497682389,0.023026163115250665
394,1.6439999999999566,0.04402653599939168,0.0225960524136313
395,1.6449999999999565,0.03601012471394456,0.022222934894826827
396,1.6459999999999564,0.04709356543084412,0.026228247940824793
397,1.6469999999999563,0.039198483054711186,0.022251661276133185
398,1.6479999999999562,0.03828520664258825,0.02255771449858556
399,1.648999999999956,0.03217543164820405,0.020130855121240427
400,1.649999999999956,0.04316979782055076,0.02449675332187096
401,1.6509999999999558,0.03542482650057149,0.023570521551388134
402,1.6519999999999557,0.04058809901988897,0.02279172106007726
403,1.6529999999999556,0.051098118302814986,0.02399634154963158
404,1.6539999999999555,0.03666574150945247,0.022267959961852896
405,1.6549999999999554,0.04393947957253254,0.023774140380188984
406,1.6559999999999553,0.04189160294436076,0.022753029468022754
407,1.6569999999999552,0.05669845921270185,0.026818774526401398
408,1.657999999999955,0.033580528487784145,0.021657937380793642
409,1.658999999999955,0.057540163495286664,0.03298719803209865
410,1.6599999999999548,0.03578195501117964,0.02532135244438683
411,1.6609999999999547,0.033548458244000594,0.023030608195609932
412,1.6619999999999546,0.039225736102300665,0.02370706298633878
413,1.6629999999999545,0.04804308293340204,0.024124458801689022
414,1.6639999999999544,0.04037948295195913,0.02411586360546309
415,1.6649999999999543,0.030130239650807793,0.025272333762381777
416,1.6659999999999542,0.04100704344805844,0.025695366814392658
417,1.666999999999954,0.03651326614322615,0.026456628290999346
418,1.667999999999954,0.028746840181244435,0.025304357765232488
419,1.6689999999999539,0.027815223990308693,0.024103878937928966
420,1.6699999999999537,0.04167878931896977,0.026968709990829554
421,1.6709999999999536,0.03601156353910366,0.025953865298268628
422,1.6719999999999535,0.03963610683802279,0.02628943536067051
423,1.6729999999999534,0.033526481502265865,0.025356329671236504
424,1.6739999999999533,0.041827485442998795,0.028437496707805297
425,1.6749999999999532,0.03939418554085874,0.026066699084551448
426,1.675999999999953,0.033883165845964236,0.026632211595280748
427,1.676999999999953,0.04483746002629034,0.026679848838740177
428,1.6779999999999529,0.03580670774553025,0.026233187700765093
429,1.6789999999999528,0.03455391335923065,0.029982961800562837
430,1.6799999999999526,0.038461143975038026,0.028146262056459138
431,1.6809999999999525,0.05745624584282042,0.04084828136760757
432,1.6819999999999524,0.026801618535681738,0.02585728132106556
433,1.6829999999999523,0.11219269736078945,0.0770734086598901
434,1.6839999999999522,0.03400863178176133,0.027531837674254402
435,1.684999999999952,0.02876103057985519,0.027113372409673795
436,1.685999999999952,0.03015030981879414,0.02809557708734305
437,1.6869999999999519,0.04819885889280874,0.03145575179157536
438,1.6879999999999518,0.05235225132358205,0.03524239345270254
439,1.6889999999999517,0.03254051736586117,0.02922687755598592
440,1.6899999999999515,0.02729151283421009,0.029327209752283652
441,1.6909999999999514,0.03822788316266846,0.02956658287857588
442,1.6919999999999513,0.05660507927291167,0.036735255084706035
443,1.6929999999999512,0.0512935220391163,0.0343767231369315
444,1.693999999999951,0.05569374608054514,0.04212509862462227
445,1.694999999999951,0.03764307007058541,0.030624379577890493
446,1.6959999999999509,0.024520810131423574,0.029480781896960982
447,1.6969999999999508,0.02498052310516503,0.02977271497042242
448,1.6979999999999507,0.047381383784200655,0.031899273015906865
449,1.6989999999999505,0.02982409222203348,0.03263176386854188
450,1.6999999999999504,0.032752593441474964,0.03284043601483649
451,1.7009999999999503,0.03286503601515173,0.03290133822842961
452,1.7019999999999502,0.027850408052548733,0.032636210835485104
453,1.70299999999995,0.046834963712491025,0.03408392701932466
454,1.70399999999995,0.03332496814258028,0.03371238648560921
455,1.7049999999999499,0.0276567633290473,0.032765543066688
456,1.7059999999999498,0.04800532143573924,0.04343712443243465
457,1.7069999999999497,0.10223368423709082,0.07135662193129062
458,1.7079999999999496,0.02210686519423923,0.03620391619030868
459,1.7089999999999494,0.019272423118602097,0.034435359891222025
460,1.7099999999999493,0.029449612145054375,0.0364505987192714
461,1.7109999999999492,0.042310896772347964,0.03961177861451203
462,1.7119999999999491,0.018310122979066024,0.03685470429843198
463,1.712999999999949,0.033635412901972896,0.03810511869197251
464,1.713999999999949,0.03995016527262439,0.03909441459970136
465,1.7149999999999488,0.026800845238264284,0.03901080300454076
466,1.7159999999999487,0.04271779866111042,0.042513945831969206
467,1.7169999999999486,0.04541397082435074,0.041773437251150514
468,1.7179999999999485,0.07618650338086867,0.05676678919673776
469,1.7189999999999483,0.044151430224102395,0.04174641170559004
470,1.7199999999999482,0.031219506019340305,0.03932352867361335
471,1.7209999999999481,0.030901768172826877,0.04113983228667565
472,1.721999999999948,0.02558629638323204,0.03960196414713003
473,1.722999999999948,0.031256038333934096,0.03904002105228831
474,1.7239999999999478,0.02747505149466806,0.03862845419987734
475,1.7249999999999477,0.031468167883797346,0.044471721063455
476,1.7259999999999476,0.03995778411880739,0.043205742383567836
477,1.7269999999999475,0.029586526183802007,0.03888171615823456
478,1.7279999999999474,0.03269812871581017,0.040505177178772576
479,1.7289999999999472,0.02873940431899441,0.04064935252543143
480,1.7299999999999471,0.023862696007455667,0.04063379411122788
481,1.730999999999947,0.026706771473948277,0.040904831882686614
482,1.731999999999947,0.03323685056046075,0.04234476180171746
483,1.7329999999999468,0.029893503333513222,0.04281303979790335
484,1.7339999999999467,0.030366410081572728,0.043419491254395724
485,1.7349999999999466,0.027971073608325604,0.04255912051139797
486,1.7359999999999465,0.043886383621088064,0.046051200771328696
487,1.7369999999999464,0.03372156715874217,0.04528742372325768
488,1.7379999999999463,0.03301317356660577,0.04509667065708575
489,1.7389999999999461,0.03867793093220795,0.04792489577861223
490,1.739999999999946,0.03030389623559729,0.04656567869848417
491,1.740999999999946,0.0299932163223427,0.046370711462402486
492,1.7419999999999458,0.10850998264142307,0.10186099014964717
493,1.7429999999999457,0.036583298912602404,0.047478330692319666
494,1.7439999999999456,0.02132279958988457,0.04667707189113
495,1.7449999999999455,0.021341987550955867,0.04667707189112997
496,1.7459999999999454,0.029630843317426055,0.047378011896109795
497,1.7469999999999453,0.014707487904155077,0.0447079414164774
498,1.7479999999999452,0.031141612970700984,0.046572718133075376
499,1.748999999999945,0.02124587445249757,0.04771498218786694
500,1.749999999999945,0.031127758782635056,0.047925977237299175
501,1.7509999999999448,0.059308946307659934,0.07540915542828329
502,1.7519999999999447,0.024465809560645486,0.04763417982820147
503,1.7529999999999446,0.07066541497458324,0.06803634389524504
504,1.7539999999999445,0.03542862912673784,0.05011315000660127
505,1.7549999999999444,0.0426881021011549,0.05002267513861672
506,1.7559999999999443,0.01608676972292149,0.048293342512840544
507,1.7569999999999442,0.018798052137769937,0.048810680770458935
508,1.757999999999944,0.03474177632484234,0.05128005373846025
509,1.758999999999944,0.03232035771161976,0.05035275522706289
510,1.7599999999999438,0.02002223590805955,0.050293817576885815
511,1.7609999999999437,0.03280033385466929,0.0513739639898641
512,1.7619999999999436,0.02554170661947397,0.050796268352126785
513,1.7629999999999435,0.027704728655972996,0.05226793440092928
514,1.7639999999999434,0.03194468831429608,0.052094486807162624
515,1.7649999999999433,0.03614426383186178,0.05374130063130955
516,1.7659999999999432,0.023927746639749465,0.05198036988477313
517,1.766999999999943,0.03191673766252867,0.05318523036732352
518,1.767999999999943,0.025230708893346086,0.05227031420952151
519,1.7689999999999428,0.030847898823088478,0.05475404714151399
520,1.7699999999999427,0.025736518469285107,0.053847980553270405
521,1.7709999999999426,0.026262680755952766,0.054224450874862815
522,1.7719999999999425,0.044421689965315474,0.05682117930630786
523,1.7729999999999424,0.09609457761085738,0.09618225393179412
524,1.7739999999999423,0.023184009777488003,0.05462098487370102
525,1.7749999999999422,0.04370418936795495,0.056624475965406484
526,1.775999999999942,0.028049689660091005,0.05733115363367289
527,1.776999999999942,0.017065755669804658,0.05648964934745761
528,1.7779999999999418,0.02868097712567204,0.0562911200048068
529,1.7789999999999417,0.03959163624170018,0.05777243260424492
530,1.7799999999999416,0.032433380219103206,0.05708792684597811
531,1.7809999999999415,0.02859807264758504,0.05863851183097001
532,1.7819999999999414,0.04486864986011746,0.06167148484249312
533,1.7829999999999413,0.048170040535914935,0.06233505400060592
534,1.7839999999999412,0.027466563943418315,0.059407199531287556
535,1.784999999999941,0.035750808832183234,0.06012966040125526
536,1.785999999999941,0.04749696638792917,0.06252697234740877
537,1.7869999999999409,0.018333312351247664,0.061292640637030486
538,1.7879999999999407,0.025285070231519192,0.061360695219747026
539,1.7889999999999406,0.03003770965658928,0.06316939483965296
540,1.7899999999999405,0.015047397059821253,0.06147057253929032
541,1.7909999999999404,0.04436449971698862,0.0637074932385098
542,1.7919999999999403,0.03232664933269478,0.06444628782161597
543,1.7929999999999402,0.02509687114267185,0.06404469286068917
544,1.79399999999994,0.031408341945470014,0.06489455254116054
545,1.79499999999994,0.024315674498089832,0.06444966548226233
546,1.7959999999999399,0.027880669860785735,0.06547567903582029
547,1.7969999999999398,0.04298501837642284,0.06834743316908722
548,1.7979999999999396,0.03692091200727904,0.067830348853799
549,1.7989999999999395,0.03259496727114158,0.06686985222586733
550,1.7999999999999394,0.03846801387666904,0.06755164274281109
551,1.8009999999999393,0.031867714223785815,0.0696744864133987
552,1.8019999999999392,0.032283505092850634,0.0695786274673866
553,1.802999999999939,0.020467242334991913,0.06931171932985086
554,1.803999999999939,0.03598583586289129,0.0706165630361964
555,1.8049999999999389,0.03348399349865629,0.07128934902077126
556,1.8059999999999388,0.06227829674904124,0.09503128678554619
557,1.8069999999999387,0.02581812587258194,0.07179312636691232
558,1.8079999999999385,0.017817120381850345,0.07288859469399349
559,1.8089999999999384,0.028846520327261826,0.07359287346722926
560,1.8099999999999383,0.034255008912803725,0.07537725755144356
561,1.8109999999999382,0.019922096861010423,0.0745207301141099
562,1.811999999999938,0.043018755794410085,0.07735564775283126
563,1.812999999999938,0.04659530775377632,0.07991004564477633
564,1.8139999999999379,0.026887701710132845,0.07702233462546126
565,1.8149999999999378,0.051012338255381734,0.08114847860277535
566,1.8159999999999377,0.03748568963394516,0.07808414094994531
567,1.8169999999999376,0.0658541868369619,0.10115897535400319
568,1.8179999999999374,0.024136662537499624,0.08008194962196266
569,1.8189999999999373,0.03379819004766793,0.08164604782541961
570,1.8199999999999372,0.023811561153731703,0.08225616530438451
571,1.8209999999999371,0.026184784152471295,0.08251213782384868
572,1.821999999999937,0.03324670921356435,0.08448941032696246
573,1.822999999999937,0.0212719530380694,0.08361353691672889
574,1.8239999999999368,0.026099161887971005,0.08647022994418828
575,1.8249999999999367,0.03374000016369718,0.08580933448882079
576,1.8259999999999366,0.033878578008734755,0.08633502175977278
577,1.8269999999999365,0.03423095050396656,0.08963117874881313
578,1.8279999999999363,0.017597884941609642,0.08794010311359704
579,1.8289999999999362,0.021920393928479075,0.09009236231677527
580,1.8299999999999361,0.02808545630273707,0.09119080120484907
581,1.830999999999936,0.028174283475195204,0.09169965680665554
582,1.831999999999936,0.03288379158522065,0.0941572155541784
583,1.8329999999999358,0.030994017209892796,0.09390024242430112
584,1.8339999999999357,0.020954581212769597,0.09576702329818153
585,1.8349999999999356,0.025789612746418566,0.09630552144813889
586,1.8359999999999355,0.03727427098637069,0.09840235693658024
587,1.8369999999999354,0.021944018231634305,0.09859441818789288
588,1.8379999999999352,0.04159893317075878,0.10103121563091658
589,1.8389999999999351,0.0380990744743894,0.10399008761840499
590,1.839999999999935,0.03864040367179105,0.1027641568092055
591,1.840999999999935,0.12159771916381047,0.1788265198108044
592,1.8419999999999348,0.0319722093906898,0.10467980099201764
593,1.8429999999999347,0.03168754437730637,0.10651379940722383
594,1.8439999999999346,0.04464870303859271,0.10914161397520564
595,1.8449999999999345,0.04272522715540166,0.10953931531712088
596,1.8459999999999344,0.04077211347904409,0.11244012646002398
597,1.8469999999999342,0.03264543807584563,0.11130255307415471
598,1.8479999999999341,0.03589973931725751,0.11366323350470058
599,1.848999999999934,0.03307060558545384,0.11391071523841191
600,1.849999999999934,0.04455600160457685,0.11640006308557425
601,1.8509999999999338,0.03669201623671425,0.11895133728079213
602,1.8519999999999337,0.032547244013817735,0.11872415421127666
603,1.8529999999999336,0.041017939879071166,0.12223587601608132
604,1.8539999999999335,0.036923437967772615,0.12165495712564782
605,1.8549999999999334,0.03868864632076348,0.12466598179073567
606,1.8559999999999333,0.04105881517592071,0.12464919491694422
607,1.8569999999999331,0.03505593265590376,0.12721991000427169
608,1.857999999999933,0.03202066832278234,0.12815496018242276
609,1.858999999999933,0.04942592809336164,0.13092854862406408
610,1.8599999999999328,0.042815478725008196,0.13498356933539352
611,1.8609999999999327,0.0367131918357856,0.13406310245630862
612,1.8619999999999326,0.03246691102330452,0.13292766980096407
613,1.8629999999999325,0.04795272953542717,0.13927001560887597
614,1.8639999999999324,0.041873293676465057,0.14215559406929185
615,1.8649999999999323,0.05772130098790629,0.15620816067977844
616,1.8659999999999322,0.03693830956474294,0.14323872074182672
617,1.866999999999932,0.050689466065452014,0.14940919707236985
618,1.867999999999932,0.03907854273491842,0.14881765325011337
619,1.8689999999999318,0.04309096131583381,0.15139862332413548
620,1.8699999999999317,0.05176911041390083,0.15291256295205888
621,1.8709999999999316,0.04541622406809805,0.15649070392504985
622,1.8719999999999315,0.04309577071582457,0.16008977720374462
623,1.8729999999999314,0.046110040116421516,0.16109060362930228
624,1.8739999999999313,0.04800626583518626,0.1684554800749811
625,1.8749999999999312,0.03935388531365287,0.16461250919108505
626,1.875999999999931,0.06485725443622056,0.17775983442939045
627,1.876999999999931,0.047959833349428944,0.17052972428054622
628,1.8779999999999308,0.04985452885666845,0.17461940526296268
629,1.8789999999999307,0.046504119108596094,0.18071485263602524
630,1.8799999999999306,0.04530270978135131,0.17927067690061552
631,1.8809999999999305,0.055072616160417975,0.18773487268563271
632,1.8819999999999304,0.04776022882466738,0.19229052749605455
633,1.8829999999999303,0.054456509231893595,0.19137622095997467
634,1.8839999999999302,0.05228738543119236,0.19997304069746757
635,1.88499999999993,0.05661137193607742,0.19987426154219726
636,1.88599999999993,0.0551651384529836,0.20632553603184467
637,1.8869999999999298,0.05193141964478353,0.2040716688340892
638,1.8879999999999297,0.04863036346324631,0.2127469815984265
639,1.8889999999999296,0.06355394461233267,0.21151189836770798
640,1.8899999999999295,0.06350290891152094,0.22030827625321278
641,1.8909999999999294,0.05198364926004256,0.22553707068318637
642,1.8919999999999293,0.05856398643785911,0.22603792447112123
643,1.8929999999999292,0.05797549328516377,0.234671087964999
644,1.893999999999929,0.06251796124563377,0.23739744455621503
645,1.894999999999929,0.06435036006392934,0.24528361504694543
646,1.8959999999999289,0.061910334343335996,0.2550003958580842
647,1.8969999999999287,0.05962505219112374,0.25512188629845256
648,1.8979999999999286,0.07103560140581466,0.26990118409944297
649,1.8989999999999285,0.06667774178120663,0.26545141603325983
650,1.8999999999999284,0.10396520538032339,0.2861647322301867
651,1.9009999999999283,0.06480480658300032,0.27584794419216435
652,1.9019999999999282,0.06255886861611142,0.28870896437136206
653,1.902999999999928,0.06340931508259993,0.3017008567722923
654,1.903999999999928,0.06856511016678421,0.3025286452922826
655,1.9049999999999279,0.07199405752417584,0.31527673693970115
656,1.9059999999999278,0.06679553875458068,0.3158073588213405
657,1.9069999999999276,0.07004818923503095,0.3317453057125401
658,1.9079999999999275,0.06847067955247624,0.34572541807461343
659,1.9089999999999274,0.06957065077811453,0.34597909714185926
660,1.9099999999999273,0.07724068695519376,0.3659454425978739
661,1.9109999999999272,0.07000453445813476,0.3671401188346408
662,1.911999999999927,0.0742792187276011,0.3827402106106082
663,1.912999999999927,0.07509332972976103,0.3866828705908807
664,1.9139999999999269,0.08092808565292307,0.40724479612681685
665,1.9149999999999268,0.07710923180586034,0.42914046739197614
666,1.9159999999999267,0.08360082049600964,0.4305992430112467
667,1.9169999999999265,0.08326004247032198,0.45814093331872785
668,1.9179999999999264,0.07930794188723064,0.46118718761252947
669,1.9189999999999263,0.08204819490229524,0.4905773382391261
670,1.9199999999999262,0.08296000103685106,0.48960524249495146
671,1.920999999999926,0.08604034196524624,0.5239748727276163
672,1.921999999999926,0.0855690357014805,0.5565021388603937
673,1.9229999999999259,0.08772132124140555,0.5609305015950606
674,1.9239999999999258,0.10063866910019162,0.7312576373297773
675,1.9249999999999257,0.09226960753742923,0.6050825769721621
676,1.9259999999999255,0.09242065115775662,0.6549931754689567
677,1.9269999999999254,0.09538392498048254,0.7142065501506473
678,1.9279999999999253,0.09884911745932021,0.7137025390484486
679,1.9289999999999252,0.0973836955560077,0.7093555171669994
680,1.929999999999925,0.09842647025267168,0.7728643095565229
681,1.930999999999925,0.10176421017824681,0.8886845414208634
682,1.9319999999999249,0.10255874380806576,0.8568857751494096
683,1.9329999999999248,0.12628932605639023,1.087544036130236
684,1.9339999999999247,0.1077462224793778,1.0320376657999313
685,1.9349999999999246,0.11027563482437042,1.0305402013054576
686,1.9359999999999244,0.11045559428522572,1.1473191165331373
687,1.9369999999999243,0.11106498148507869,1.1378234871083137
688,1.9379999999999242,0.11593637348241667,1.2680685899419746
689,1.9389999999999241,0.12089897780221656,1.3655327111172553
690,1.939999999999924,0.12398011224561016,1.3673627005550066
691,1.940999999999924,0.12823711071729207,1.454050569392387
692,1.9419999999999238,0.1242231848283016,1.45980025111419
693,1.9429999999999237,0.13099331714412005,1.5059883735627264
694,1.9439999999999236,0.12805632555233695,1.5135910389584855
695,1.9449999999999235,0.13454614768968107,1.5114633106727917
696,1.9459999999999233,0.17955512710718324,1.0673052550286335
697,1.9469999999999232,0.13874448715371718,1.45585465390153
698,1.9479999999999231,0.15355968249887322,1.4711897343136255
699,1.948999999999923,0.14550457407136727,1.366555768500672
700,1.949999999999923,0.1507902189776132,1.2600426932834374
701,1.9509999999999228,0.1592086992284855,1.1591993902592406
702,1.9519999999999227,0.15962336714509184,1.1557716589461888
703,1.9529999999999226,0.16747884364901874,1.0436576903917787
704,1.9539999999999225,0.16451172959264732,1.0556741410917683
705,1.9549999999999224,0.17618891702866085,1.0031215745986066
706,1.9559999999999222,0.17352366491611873,0.9654608449590324
707,1.9569999999999221,0.21430376025368686,1.1671681349433685
708,1.957999999999922,0.17734686025910376,0.8751160149240499
709,1.958999999999922,0.18891260055714773,0.8116686703295217
710,1.9599999999999218,0.19776007023893025,0.7434299087688532
711,1.9609999999999217,0.2003677076808027,0.7512865693984252
712,1.9619999999999216,0.21049670596564188,0.7009638317097976
713,1.9629999999999215,0.2127944106396205,0.7000849807000414
714,1.9639999999999214,0.219654942663611,0.6532468299628484
715,1.9649999999999213,0.23015977601923082,0.6110532152482093
716,1.9659999999999211,0.22966289195528164,0.6110186353790589
717,1.966999999999921,0.24105610385819387,0.568204258662712
718,1.967999999999921,0.24113241264571814,0.5684252665110846
719,1.9689999999999208,0.25418332883012457,0.5363899846688726
720,1.9699999999999207,0.2568250746291422,0.5370166725343938
721,1.9709999999999206,0.2714686335059883,0.5111356146811221
722,1.9719999999999205,0.2680194911352013,0.5089100998873474
723,1.9729999999999204,0.28616796208119794,0.4800088213888125
724,1.9739999999999203,0.3042044693693941,0.46006953774629195
725,1.9749999999999202,0.30179338065818023,0.45936410278873874
726,1.97599999999992,0.320699200220377,0.43651219726923646
727,1.97699999999992,0.3203130206040511,0.4370115376714503
728,1.9779999999999198,0.34180533408400426,0.41709923052035736
729,1.9789999999999197,0.34412461301112196,0.41954955295272833
730,1.9799999999999196,0.3694422988033978,0.40381664783954685
731,1.9809999999999195,0.49728101062752245,0.34314078529133885
732,1.9819999999999194,0.39191245426269306,0.38403209846785735
733,1.9829999999999193,0.39364045188521335,0.38378438189653236
734,1.9839999999999192,0.42234468412267945,0.3680061670099762
735,1.984999999999919,0.45810142441323237,0.3553175390256267
736,1.985999999999919,0.4642042535942004,0.3604424751372031
737,1.9869999999999188,0.4961205983319262,0.34207990350694467
738,1.9879999999999187,0.5449837745321324,0.33349764036469315
739,1.9889999999999186,0.5426839399141582,0.33096201970159617
740,1.9899999999999185,0.6063165195951653,0.32472448195426024
741,1.9909999999999184,0.6035117626302275,0.3244848184165055
742,1.9919999999999183,0.7210333200957648,0.3051447065813341
743,1.9929999999999182,0.6656818896441831,0.31250962529805326
744,1.993999999999918,0.6700493251940063,0.31386371719256845
745,1.994999999999918,0.7472117811744514,0.3034020445744898
746,1.9959999999999178,0.840934960197031,0.2954303810737271
747,1.9969999999999177,0.9926675314712112,0.2864935609651139
748,1.9979999999999176,0.9562095138749523,0.2869380542863739
749,1.9989999999999175,1.0975806134582884,0.27827675465613744
750,1.9999999999999174,1.2608752293592724,0.27078884210418747
751,2.0009999999999173,1.2692464902607805,0.2695982773392407
752,2.001999999999917,1.4687593296721033,0.25884779648405676
753,2.002999999999917,1.4502570277941833,0.2617566829424667
754,2.003999999999917,1.6626730768879965,0.24804880860108705
755,2.004999999999917,1.6272823429658925,0.2501263061078707
756,2.0059999999999167,1.7593569692734201,0.24040834465744979
757,2.0069999999999166,1.766560728039997,0.2403267519574671
758,2.0079999999999165,1.774397537958875,0.22927485895121547
759,2.0089999999999164,1.6857178741004564,0.22174823945894626
760,2.0099999999999163,1.6878437214345303,0.22296386580784
761,2.010999999999916,1.5142410846637708,0.21786944511125544
762,2.011999999999916,1.5057170940407847,0.2188830286030453
763,2.012999999999916,1.332877675962124,0.2174275945613219
764,2.013999999999916,1.347638046998514,0.21770512472442327
765,2.0149999999999157,1.1622592345402625,0.2132562682839629
766,2.0159999999999156,1.0375087540606462,0.21068453636684015
767,2.0169999999999155,1.0493972140619818,0.21092543401981415
768,2.0179999999999154,1.0429447279723447,0.20997112654268799
769,2.0189999999999153,0.931655673079082,0.20779293915655425
770,2.019999999999915,0.8395142444321394,0.2057892765526331
771,2.020999999999915,0.8395965277336052,0.20562444597795046
772,2.021999999999915,0.7601291366417507,0.2034062134346305
773,2.022999999999915,0.7634700511028668,0.20367816578788958
774,2.0239999999999148,0.6945730885328301,0.20043796489580265
775,2.0249999999999146,0.6446624441559546,0.19864290184173447
776,2.0259999999999145,0.6451022305952215,0.19878244361189568
777,2.0269999999999144,0.5963247959971313,0.19375046381970848
778,2.0279999999999143,0.585162703266487,0.1908395337192844
779,2.028999999999914,0.5552801203274199,0.19142119963273782
780,2.029999999999914,0.4566521726479114,0.1931355554690785
781,2.030999999999914,0.5217701870979778,0.18826297710937975
782,2.031999999999914,0.6806666069149986,0.20165251031976328
783,2.0329999999999138,0.4909372404151297,0.18483957344081556
784,2.0339999999999137,0.44291887705617433,0.22023036841104907
785,2.0349999999999135,0.43609977733479643,0.18185099646488043
786,2.0359999999999134,0.4402318062817009,0.18112934392467925
787,2.0369999999999133,0.4138427151828652,0.17793450819108725
788,2.037999999999913,0.4200529259020385,0.17998423183181714
789,2.038999999999913,0.4018377471138393,0.1773704466928578
790,2.039999999999913,0.4043987971838606,0.17866071786794988
791,2.040999999999913,0.3647831971679165,0.18090022523870392
792,2.0419999999999128,0.38848875445059894,0.17486896572703753
793,2.0429999999999127,0.3951160203981172,0.17605971817775024
794,2.0439999999999126,0.3566739325444375,0.17034026962574497
795,2.0449999999999124,0.3548201439811096,0.1694555290408822
796,2.0459999999999123,0.3433895800971544,0.1680590602095399
797,2.0469999999999122,0.34400491140798983,0.1683245754397533
798,2.047999999999912,0.3326527256414585,0.16616218205956043
799,2.048999999999912,0.3318603016523171,0.1661648099684209
800,2.049999999999912,0.3207246252797706,0.16371078459066718
801,2.050999999999912,0.31059137090922595,0.16233846727404438
802,2.0519999999999117,0.30955627468129315,0.16126649967980283
803,2.0529999999999116,0.3009893617296652,0.1611050410895805
804,2.0539999999999115,0.30095570582860853,0.16043798225873707
805,2.0549999999999113,0.2913420258469907,0.15912926170135816
806,2.0559999999999112,0.2892436914042422,0.155540219066742
807,2.056999999999911,0.28166466519926814,0.15519128608462054
808,2.057999999999911,0.2756246216018574,0.1538199456417074
809,2.058999999999911,0.2781392887072101,0.15646072765152083
810,2.059999999999911,0.26891400864424636,0.15384704232754176
811,2.0609999999999107,0.2710607965473101,0.15461390341792203
812,2.0619999999999106,0.26489610244744516,0.15302708443018168
813,2.0629999999999105,0.25689589771639837,0.1496728132364525
814,2.0639999999999104,0.2549011599219579,0.15014610247739715
815,2.0649999999999102,0.25491803570842336,0.15131934294796084
816,2.06599999999991,0.253417046698448,0.14996493082866033
817,2.06699999999991,0.26126643104325503,0.16620391177341576
818,2.06799999999991,0.2459060784866956,0.14833587161046968
819,2.06899999999991,0.2278484234426991,0.15072803159324283
820,2.0699999999999097,0.23980038213552932,0.1455558053319785
821,2.0709999999999096,0.23533642965977536,0.14482578400152604
822,2.0719999999999095,0.23097869171083033,0.14319413521723745
823,2.0729999999999094,0.2302478706853546,0.1432225818057034
824,2.0739999999999092,0.22583769836326695,0.14191697527440153
825,2.074999999999909,0.22741660321848475,0.14259051176322302
826,2.075999999999909,0.24200276137897808,0.14056835063040193
827,2.076999999999909,0.22053068326505426,0.1407108228790057
828,2.077999999999909,0.23815825134575688,0.14338772098257194
829,2.0789999999999087,0.2119459889436527,0.13690623691055978
830,2.0799999999999086,0.21491906489445897,0.1382383900598306
831,2.0809999999999085,0.21158198014112048,0.13757280041901002
832,2.0819999999999084,0.20784000518287682,0.13547316224854095
833,2.0829999999999083,0.20859633384676293,0.13562587879189392
834,2.083999999999908,0.20492425628643826,0.13350720165990884
835,2.084999999999908,0.20162758494183836,0.13416107086516052
836,2.085999999999908,0.20263071741639835,0.1346541162582646
837,2.086999999999908,0.19827766334808936,0.1315674221721556
838,2.0879999999999077,0.19684903840507406,0.13243335309981366
839,2.0889999999999076,0.1988950563657304,0.13292279587874764
840,2.0899999999999075,0.19493464338604885,0.13107063476129255
841,2.0909999999999074,0.21258286486891176,0.13957136393054614
842,2.0919999999999073,0.19164879368293863,0.13035845660227538
843,2.092999999999907,0.1913511715181272,0.12969550705699842
844,2.093999999999907,0.18802926733709255,0.12814965196262879
845,2.094999999999907,0.18550031927248667,0.12676222847853866
846,2.095999999999907,0.18680083207812478,0.1274635056356149
847,2.0969999999999067,0.1842256570906017,0.12687907080413866
848,2.0979999999999066,0.18214208085600034,0.12579329371774284
849,2.0989999999999065,0.18188018344739665,0.12504208032398625
850,2.0999999999999064,0.18243272301087593,0.12533825963421852
851,2.1009999999999063,0.17874607288528976,0.12446881425199288
852,2.101999999999906,0.23988981241633267,0.14513323821957963
853,2.102999999999906,0.17536090589527362,0.12356182857954506
854,2.103999999999906,0.17722370210367755,0.12277577497046076
855,2.104999999999906,0.17280123316021792,0.12126920909637214
856,2.1059999999999057,0.17147497363056402,0.12170436725655732
857,2.1069999999999056,0.1713050741303799,0.12123834753261872
858,2.1079999999999055,0.17021337435102,0.12039365770433956
859,2.1089999999999054,0.17015574127648778,0.12099790761444172
860,2.1099999999999053,0.16439036529150006,0.11758496075327254
861,2.110999999999905,0.1654949066031306,0.11932906163251815
862,2.111999999999905,0.16619925664817484,0.11852438321701575
863,2.112999999999905,0.16665003417115445,0.1191281514295841
864,2.113999999999905,0.1631592540241322,0.11763554067306498
865,2.1149999999999047,0.16078972535531072,0.11645099075742818
866,2.1159999999999046,0.16285015523669852,0.11677909374520583
867,2.1169999999999045,0.2054613962630442,0.13375656134510092
868,2.1179999999999044,0.15925139158633622,0.1151077528896699
869,2.1189999999999043,0.15716026779137593,0.1143851454176761
870,2.119999999999904,0.15728497917734527,0.1144419516638713
871,2.120999999999904,0.15513018752780375,0.11457580367259981
872,2.121999999999904,0.15511524870870555,0.11334752306328566
873,2.122999999999904,0.15438048568873924,0.11305070367942777
874,2.1239999999999037,0.1593351160711781,0.11432930828567256
875,2.1249999999999036,0.15413726265057553,0.11226233541362847
876,2.1259999999999035,0.15975716686567423,0.11270467763773158
877,2.1269999999999034,0.15017078895452923,0.11126616727584704
878,2.1279999999999033,0.1513442032295645,0.11196391218576511
879,2.128999999999903,0.1517905909065134,0.11047459977138292
880,2.129999999999903,0.1510868765372416,0.11067281460446901
881,2.130999999999903,0.1498150565363089,0.10897581360775029
882,2.131999999999903,0.1514733183561,0.10973304406464833
883,2.1329999999999028,0.14818219198645596,0.11080579379009882
884,2.1339999999999026,0.15269743603468397,0.11097717338719104
885,2.1349999999999025,0.1485927877149886,0.10996109234415648
886,2.1359999999999024,0.14470347183228216,0.10883270539023396
887,2.1369999999999023,0.14466304059866172,0.1069061504774341
888,2.137999999999902,0.1468430555174623,0.108677343577372
889,2.138999999999902,0.14740807813045895,0.10755254743682183
890,2.139999999999902,0.14272096103385462,0.10773046167032556
891,2.140999999999902,0.14073320175477025,0.10682599313118876
892,2.1419999999999018,0.14293396964087715,0.10662419989157011
893,2.1429999999999017,0.14070189488074902,0.10585041065533067
894,2.1439999999999015,0.1420930831017708,0.10673225243842659
895,2.1449999999999014,0.14197397710459708,0.10595269754277324
896,2.1459999999999013,0.13912826767829878,0.10652067237929493
897,2.146999999999901,0.1391485999945952,0.1054948558453705
898,2.147999999999901,0.14017321024879145,0.10481951811508378
899,2.148999999999901,0.14057962917683553,0.10495606168552031
900,2.149999999999901,0.13783894570878893,0.10454671396805577
901,2.1509999999999008,0.14574313953812268,0.10661696899871674
902,2.1519999999999007,0.18720491426081728,0.13596873998459436
903,2.1529999999999005,0.1369742252975671,0.1034216083595612
904,2.1539999999999004,0.1355594499808558,0.1030786941406877
905,2.1549999999999003,0.13355620523654102,0.10229058802753646
906,2.1559999999999,0.1420555472194093,0.10414696746451524
907,2.1569999999999,0.1313151300447782,0.10125156689330064
908,2.1579999999999,0.13447231397692433,0.10174515396353136
909,2.1589999999999,0.1335686191024335,0.10180147844623079
910,2.1599999999998998,0.13537456911506973,0.1032854072783743
911,2.1609999999998997,0.14224195284011773,0.10814293895542956
912,2.1619999999998996,0.13174946712092345,0.1017938031416566
913,2.1629999999998994,0.13979237262869157,0.11019118509984496
914,2.1639999999998993,0.13404598801322795,0.1014131942415735
915,2.1649999999998992,0.13037029132834474,0.09975449072686596
916,2.165999999999899,0.13263715787427205,0.10057958380165707
917,2.166999999999899,0.13058646407916658,0.09958175320717427
918,2.167999999999899,0.12982306150500278,0.10033213810522923
919,2.168999999999899,0.12768280815505387,0.09887251952389736
920,2.1699999999998987,0.1329012114645037,0.0994860316848101
921,2.1709999999998986,0.13242632821704906,0.1006978288189166
922,2.1719999999998985,0.12606726455324033,0.09879291329516345
923,2.1729999999998983,0.13025600938393986,0.09838650172671048
924,2.1739999999998982,0.12695032312278512,0.09905599109516848
925,2.174999999999898,0.12635160065037704,0.09794304840112865
926,2.175999999999898,0.12393046429749542,0.09825102249283016
927,2.176999999999898,0.12468593835879768,0.09708411602136685
928,2.177999999999898,0.12649839307468608,0.09826836318265274
929,2.1789999999998977,0.12342232884353146,0.09764753251329353
930,2.1799999999998976,0.12407961997289384,0.09689376829082909
931,2.1809999999998975,0.12370445119363627,0.0965712830910869
932,2.1819999999998974,0.12040461146786237,0.09719232263934728
933,2.1829999999998972,0.12633977975948668,0.09785113984770898
934,2.183999999999897,0.12533263439482561,0.09721105180971173
935,2.184999999999897,0.12317636139913468,0.09747145993388195
936,2.185999999999897,0.12049335514386829,0.09500423145132392
937,2.186999999999897,0.12248777864685775,0.09608191857107798
938,2.1879999999998967,0.1239913223432863,0.09630471417983139
939,2.1889999999998966,0.12185842855047056,0.0946945099195316
940,2.1899999999998965,0.12047678788216477,0.0941018784913936
941,2.1909999999998964,0.11888932065990009,0.09386656669457343
942,2.1919999999998963,0.12383718607398596,0.09529746111645811
943,2.192999999999896,0.1201911954927386,0.0938815842499425
944,2.193999999999896,0.12200804703238613,0.09401801248934961
945,2.194999999999896,0.12597013929627007,0.09486480979798118
946,2.195999999999896,0.13419602412084747,0.09745816555148425
947,2.1969999999998957,0.12090310268893045,0.09392291153323398
948,2.1979999999998956,0.12694493558088232,0.09436663748833299
949,2.1989999999998955,0.11820009202420596,0.09325114066798565
950,2.1999999999998954,0.12904871936788465,0.09640308381406286
951,2.2009999999998953,0.11973998808723514,0.0929187330767802
952,2.201999999999895,0.11532432137243331,0.09084115667574971
953,2.202999999999895,0.12132133209229042,0.09310202422068004
954,2.203999999999895,0.1162893766530076,0.09156118934454786
955,2.204999999999895,0.11667944074904686,0.09261446105384046
956,2.2059999999998947,0.12374390034440402,0.09274483190210148
957,2.2069999999998946,0.11939746931297007,0.09432786732413025
958,2.2079999999998945,0.11943782044950498,0.09212911358263139
959,2.2089999999998944,0.19700996053667327,0.13523503576623935
960,2.2099999999998943,0.11505640571574416,0.08940318772822697
961,2.210999999999894,0.16932374018792262,0.11799513167616198
962,2.211999999999894,0.11909719523967363,0.0945011040510987
963,2.212999999999894,0.12070203014751811,0.0908362640817385
964,2.213999999999894,0.11365573092566404,0.09068583441566604
965,2.2149999999998937,0.11768830335108058,0.09182438403809243
966,2.2159999999998936,0.11353777930308152,0.09066641471525864
967,2.2169999999998935,0.11989613971496985,0.09172459321911094
968,2.2179999999998934,0.11949411570710324,0.09382132006731358
969,2.2189999999998933,0.11718285750549061,0.08971117308443355
970,2.219999999999893,0.13734492996050127,0.09867712595388486
971,2.220999999999893,0.11799911186638483,0.09106897670527442
972,2.221999999999893,0.11102541409584671,0.08887144671159919
973,2.222999999999893,0.11495085632788583,0.08868982918352297
974,2.2239999999998927,0.11074945008946382,0.0886953076632056
975,2.2249999999998926,0.11159423955205504,0.08822952390128792
976,2.2259999999998925,0.11023245865204823,0.08809467725089573
977,2.2269999999998924,0.10944225602377279,0.08696665816307815
978,2.2279999999998923,0.12074529243300548,0.09063369618866834
979,2.228999999999892,0.1094245482882839,0.08779752173065357
980,2.229999999999892,0.12007184265417015,0.0900245242784859
981,2.230999999999892,0.10979798174635239,0.08713301262664352
982,2.231999999999892,0.11652430326257825,0.08787229926611441
983,2.2329999999998917,0.10872597879553299,0.08745334974426136
984,2.2339999999998916,0.10880039036065739,0.08680858287546293
985,2.2349999999998915,0.10738142032405168,0.08710112387275924
986,2.2359999999998914,0.11322045573505807,0.0876489875010723
987,2.2369999999998913,0.10928369578994164,0.08781735452834022
988,2.237999999999891,0.11035407233521963,0.08756462339832596
989,2.238999999999891,0.11019131100416822,0.08740604334084699
990,2.239999999999891,0.10993823425672225,0.08571433210645969
991,2.240999999999891,0.11547468836964067,0.08850994708012071
992,2.2419999999998907,0.11021741644916927,0.08717963487031768
993,2.2429999999998906,0.10812175068151694,0.085528934530718
994,2.2439999999998905,0.11240512014843486,0.08759279324140838
995,2.2449999999998904,0.11424235843845909,0.087146112785183
996,2.2459999999998903,0.1145531877260697,0.08816288325903514
997,2.24699999999989,0.10959753760900613,0.08558188136235609
998,2.24799999999989,0.11672378336007276,0.08723943717593474
999,2.24899999999989,0.11024067223855565,0.08667772950744111
1000,2.24999999999989,0.11250629956002658,0.08686337510681627
1001,2.2509999999998898,0.10959648571343217,0.08552741955105198
1002,2.2519999999998896,0.17806254726358764,0.09962744004981165
1003,2.2529999999998895,0.11219796203373832,0.0859516411760189
1004,2.2539999999998894,0.11509044560030034,0.08562915143308786
1005,2.2549999999998893,0.11999733932160017,0.08664425251287457
1006,2.255999999999889,0.10953369644385436,0.08584232199294048
1007,2.256999999999889,0.10980034120465029,0.08470206852693636
1008,2.257999999999889,0.10849347188912835,0.08635490535378643
1009,2.258999999999889,0.10626126628286502,0.08504731908629634
1010,2.2599999999998888,0.10638581242201901,0.08558945117250907
1011,2.2609999999998887,0.12401718632525384,0.09031380754702613
1012,2.2619999999998885,0.10322677463565426,0.08460360212651453
1013,2.2629999999998884,0.1156369471065118,0.09009581400027834
1014,2.2639999999998883,0.10342835637163639,0.08227460933216255
1015,2.264999999999888,0.10768801993681253,0.08425173519539383
1016,2.265999999999888,0.10539151673084154,0.08479184818485336
1017,2.266999999999888,0.10879267526554838,0.08491423992766305
1018,2.267999999999888,0.104910653290807,0.08378919354106584
1019,2.2689999999998878,0.1083802165694849,0.083579855788507
1020,2.2699999999998877,0.1035789350599332,0.08357881708426983
1021,2.2709999999998876,0.10914605578413723,0.08427644614059487
1022,2.2719999999998874,0.11254844231181889,0.08493396795091034
1023,2.2729999999998873,0.11174540640688348,0.08559997209668772
1024,2.2739999999998872,0.10317827615574982,0.08348195932585183
1025,2.274999999999887,0.10680791374681857,0.08265773841821081
1026,2.275999999999887,0.10117557165502522,0.082732322055935
1027,2.276999999999887,0.10968343985430791,0.08448382781744947
1028,2.277999999999887,0.10503685024419147,0.08245734560639899
1029,2.2789999999998867,0.11061487528076575,0.08446565143266789
1030,2.2799999999998866,0.10485062965920203,0.08226908128299086
1031,2.2809999999998865,0.10090193822151278,0.08136784634195722
1032,2.2819999999998863,0.10320920535535118,0.08310244313858658
1033,2.2829999999998862,0.10783210998760413,0.08528923397502555
1034,2.283999999999886,0.1008534391755783,0.08060415883120922
1035,2.284999999999886,0.10324259697810277,0.0807613985372224
1036,2.285999999999886,0.100720804833662,0.08296761876538855
1037,2.286999999999886,0.10674551070651139,0.08356132770722534
1038,2.2879999999998857,0.1019956106112643,0.08294617336976301
1039,2.2889999999998856,0.10339053961952045,0.08333437812545084
1040,2.2899999999998855,0.10422004685780036,0.08162279475399191
1041,2.2909999999998854,0.10687842508695732,0.08470041637496113
1042,2.2919999999998852,0.10092523566783022,0.08196391111360177
1043,2.292999999999885,0.10707080947375225,0.08205163350491958
1044,2.293999999999885,0.10886795740831015,0.08285322088278597
1045,2.294999999999885,0.10223611690812134,0.08063333018726729
1046,2.295999999999885,0.10501397156976096,0.08187335686972486
1047,2.2969999999998847,0.1036384453548971,0.0809412758828297
1048,2.2979999999998846,0.10249609173836069,0.08103498241726853
1049,2.2989999999998845,0.09989630483751438,0.08149647755319012
1050,2.2999999999998844,0.10113587512301962,0.08073773019437595
1051,2.3009999999998842,0.10382866156327845,0.0810531288270935
1052,2.301999999999884,0.10016866369331841,0.08095984341362869
1053,2.302999999999884,0.10189132933085816,0.08159791536281873
1054,2.303999999999884,0.10084100569415817,0.0797517123015694
1055,2.304999999999884,0.1021950578280047,0.08071326829097876
1056,2.3059999999998837,0.10347124204736306,0.0798939750493691
1057,2.3069999999998836,0.10237397504060679,0.08189020991292555
1058,2.3079999999998835,0.10814091748787089,0.08081472717303892
1059,2.3089999999998834,0.1013316456884246,0.07899162499428321
1060,2.3099999999998833,0.10186934638195627,0.07937941825585705
1061,2.310999999999883,0.09797420018005623,0.07793672934295509
1062,2.311999999999883,0.1022230406206493,0.08184076447885678
1063,2.312999999999883,0.09885683549670536,0.0790198994669202
1064,2.313999999999883,0.10172173815532051,0.07955826711222518
1065,2.3149999999998827,0.105715308759448,0.08192512344589988
1066,2.3159999999998826,0.10167812731811725,0.08106286386053334
1067,2.3169999999998825,0.10093601613678518,0.07982771254312221
1068,2.3179999999998824,0.10223814408976382,0.07906193166266332
1069,2.3189999999998823,0.10203107522956358,0.08083991171335601
1070,2.319999999999882,0.09969173904124659,0.08032718813950249
1071,2.320999999999882,0.10354397557696349,0.08068995516946252
1072,2.321999999999882,0.113638406187339,0.08601784084763102
1073,2.322999999999882,0.10057202610075193,0.08012910075207802
1074,2.3239999999998817,0.09908282870579553,0.07946720541978045
1075,2.3249999999998816,0.10050760720899608,0.08019351464569516
1076,2.3259999999998815,0.12207269671703717,0.08441728473312898
1077,2.3269999999998814,0.0998711980098562,0.07987566263079579
1078,2.3279999999998813,0.09779947215926194,0.08034738124895112
1079,2.328999999999881,0.10287925098856589,0.08051175337543023
1080,2.329999999999881,0.1098996755873758,0.0803836257942841
1081,2.330999999999881,0.10270924796092828,0.08146274822191507
1082,2.331999999999881,0.0985157100195366,0.07872140821803804
1083,2.3329999999998807,0.09979251673736672,0.08069117558254116
1084,2.3339999999998806,0.0991756705154912,0.07813602999171468
1085,2.3349999999998805,0.10665913684014326,0.08691884835615304
1086,2.3359999999998804,0.10456479912117606,0.07912724704589597
1087,2.3369999999998803,0.18941210137722178,0.11968598961022861
1088,2.33799999999988,0.09854536854594241,0.07852478140949232
1089,2.33899999999988,0.16278018355497315,0.10890873273715704
1090,2.33999999999988,0.10151780118373852,0.0804514919885706
1091,2.34099999999988,0.1914352628417344,0.08669956706205413
1092,2.3419999999998797,0.10058805998957493,0.08074408522397575
1093,2.3429999999998796,0.11226228424072814,0.08229325391570379
1094,2.3439999999998795,0.09900236952032103,0.07909186843197887
1095,2.3449999999998794,0.10168822927262756,0.08006685215927072
1096,2.3459999999998793,0.09933702537085815,0.07937380284015955
1097,2.346999999999879,0.10472373827995325,0.08093610502772662
1098,2.347999999999879,0.15212163547499286,0.09671045530805067
1099,2.348999999999879,0.09910537746360039,0.07941297188032291
1100,2.349999999999879,0.0981069432632662,0.07951485144967281
1101,2.3509999999998787,0.10218558908865578,0.08026941942884594
1102,2.3519999999998786,0.09964006396692161,0.07986276518420923
1103,2.3529999999998785,0.09822233801746158,0.080121856002172
1104,2.3539999999998784,0.10112915078032693,0.07943047745722341
1105,2.3549999999998783,0.10087963694924826,0.07872280728413106
1106,2.355999999999878,0.10021158713103538,0.0795888800498288
1107,2.356999999999878,0.10036554651475255,0.07864751865449683
1108,2.357999999999878,0.09899294869601126,0.08022117168258167
1109,2.358999999999878,0.09869469558739956,0.08071158265062352
1110,2.3599999999998778,0.09803040043943093,0.07745509767911521
1111,2.3609999999998776,0.10805732530977827,0.08584435970669368
1112,2.3619999999998775,0.10457863543063327,0.08078579774941548
1113,2.3629999999998774,0.10265505403060882,0.08142012529138447
1114,2.3639999999998773,0.09911608142570517,0.08154517836474456
1115,2.364999999999877,0.10109584268129522,0.08110639345192168
1116,2.365999999999877,0.0993878544593272,0.08136943876681563
1117,2.366999999999877,0.10206772047805893,0.0807322092575825
1118,2.367999999999877,0.10011090782215411,0.08023821026108512
1119,2.3689999999998768,0.10373470216225213,0.08062098789341897
1120,2.3699999999998766,0.10351619970340865,0.08130021914177368
1121,2.3709999999998765,0.0990724741657551,0.07911021487343554
1122,2.3719999999998764,0.16182911895158372,0.10667956377239182
1123,2.3729999999998763,0.10045552657049182,0.08008026687318455
1124,2.373999999999876,0.1000232984927476,0.080220251011788
1125,2.374999999999876,0.09913698937263232,0.07972472129178912
1126,2.375999999999876,0.09979839662146794,0.08041629314673543
1127,2.376999999999876,0.10431606501456742,0.0818989278256559
1128,2.3779999999998758,0.09896291383330084,0.0793809852777133
1129,2.3789999999998757,0.09909809706326439,0.07746250820390625
1130,2.3799999999998755,0.09875912967923003,0.08161938162974038
1131,2.3809999999998754,0.10121141320481279,0.08126439934988884
1132,2.3819999999998753,0.09805475004657471,0.0771803073302117
1133,2.382999999999875,0.10371981661911464,0.08217799610864383
1134,2.383999999999875,0.09958738655918982,0.07860981433306508
1135,2.384999999999875,0.10395622184362181,0.0808756311269578
1136,2.385999999999875,0.09908973113137001,0.07713471333517873
1137,2.3869999999998748,0.09395028565481317,0.07865167029817521
1138,2.3879999999998747,0.10044114807490127,0.07735993572463382
1139,2.3889999999998746,0.10089186024897247,0.08135502618645005
1140,2.3899999999998744,0.09751742841667435,0.08092470556723784
1141,2.3909999999998743,0.0968371264217863,0.077965901577165
1142,2.3919999999998742,0.0991951033688252,0.0789010753086712
1143,2.392999999999874,0.09825271792046827,0.08044511384459725
1144,2.393999999999874,0.10351519863190069,0.07886140556237542
1145,2.394999999999874,0.09596912038295054,0.07838333977987931
1146,2.395999999999874,0.10531331903759726,0.0815135833723564
1147,2.3969999999998737,0.09921615133142091,0.07930338052730661
1148,2.3979999999998736,0.20071217172306557,0.12476032043163088
1149,2.3989999999998735,0.09876811378585774,0.07921191131455774
1150,2.3999999999998733,0.1001016560262411,0.07967295618850383
1151,2.4009999999998732,0.09806954446704594,0.07758739352158056
1152,2.401999999999873,0.09857592484462017,0.08118168411056344
1153,2.402999999999873,0.1030960000255256,0.08156189269448634
1154,2.403999999999873,0.09996122134430678,0.07901832528432824
1155,2.404999999999873,0.10290474421258235,0.08236049050075493
1156,2.4059999999998727,0.09624945666313353,0.07865997292816536
1157,2.4069999999998726,0.1176633380304531,0.08556680030487562
1158,2.4079999999998725,0.10272559135430753,0.08000347000993505
1159,2.4089999999998724,0.09919206070703208,0.07554374785000191
1160,2.4099999999998722,0.09685841931906597,0.07478464082021785
1161,2.410999999999872,0.10856441570722977,0.08277178030344169
1162,2.411999999999872,0.10644521375794354,0.08175806181001044
1163,2.412999999999872,0.10410789093800954,0.07617016989081717
1164,2.413999999999872,0.0954145569915015,0.0767308319720012
1165,2.4149999999998717,0.10186242884545291,0.08187044481877859
1166,2.4159999999998716,0.10318054846197684,0.07719131974022733
1167,2.4169999999998715,0.10238652599691947,0.07792800048417502
1168,2.4179999999998714,0.09836424132238802,0.08155113681247002
1169,2.4189999999998713,0.09754616878680646,0.0768782805089762
1170,2.419999999999871,0.13040470438628687,0.08889961056543241
1171,2.420999999999871,0.10250948700969356,0.0783665262155563
1172,2.421999999999871,0.09881138343694805,0.07913746458983217
1173,2.422999999999871,0.09827860726351777,0.07846157378409552
1174,2.4239999999998707,0.10001148711273276,0.07836255788664524
1175,2.4249999999998706,0.10131772393453661,0.07867341342377927
1176,2.4259999999998705,0.1005220019705101,0.0809694456381443
1177,2.4269999999998704,0.09614647418791054,0.07843726103285215
1178,2.4279999999998703,0.10086987778959597,0.07572070471369217
1179,2.42899999999987,0.12874741181479463,0.09336785599269637
1180,2.42999999999987,0.09851129202822437,0.07519242761462487
1181,2.43099999999987,0.19716705918167762,0.12506280338179662
1182,2.43199999999987,0.09429296762612141,0.08070119511839441
1183,2.4329999999998697,0.0998756206931117,0.08302711516058275
1184,2.4339999999998696,0.10487375394067644,0.07865338361104987
1185,2.4349999999998695,0.10505273288349067,0.0808473645760935
1186,2.4359999999998694,0.10562670673841287,0.07771863056574542
1187,2.4369999999998693,0.10475559609618373,0.08391542566402743
1188,2.437999999999869,0.10539403628877528,0.07829440354413983
1189,2.438999999999869,0.09946341776503613,0.08232166933163296
1190,2.439999999999869,0.09895054388708156,0.07523162076224534
1191,2.440999999999869,0.09831286983790921,0.07482669703586364
1192,2.4419999999998687,0.10204976125405027,0.08204523761857221
1193,2.4429999999998686,0.10114053707151381,0.07840383521604995
1194,2.4439999999998685,0.20148419313306504,0.1138596869297601
1195,2.4449999999998684,0.10551362757403464,0.0802196049207114
1196,2.4459999999998683,0.10065114044587951,0.07885770860703815
1197,2.446999999999868,0.09879313382239628,0.07880571927444703
1198,2.447999999999868,0.10460681025812125,0.07975631009991724
1199,2.448999999999868,0.10626838504770363,0.08190930583666368
1200,2.449999999999868,0.10829940459684334,0.07736470916367028
1201,2.4509999999998677,0.10596512241672291,0.07496107342400408
1202,2.4519999999998676,0.10227543706059108,0.08290842350223902
1203,2.4529999999998675,0.09826420023765323,0.07370371279487398
1204,2.4539999999998674,0.0944172222452875,0.08272362931763833
1205,2.4549999999998673,0.10895686015263437,0.08170466696216694
1206,2.455999999999867,0.10258557937410012,0.07241928424258226
1207,2.456999999999867,0.09017715906959191,0.07909645544129255
1208,2.457999999999867,0.10973214421106453,0.08469062518333055
1209,2.458999999999867,0.09079569091983704,0.07410653730323806
1210,2.4599999999998667,0.09412218170271167,0.07324680818915304
1211,2.4609999999998666,0.10629128619498109,0.07068156153564216
1212,2.4619999999998665,0.09212045359714378,0.08167594170300395
1213,2.4629999999998664,0.1065765215541595,0.08455102347834642
1214,2.4639999999998663,0.11451717835978224,0.08669065931941253
1215,2.464999999999866,0.1107337294630026,0.08423646214517667
1216,2.465999999999866,0.16560069416565001,0.1014545825765416
1217,2.466999999999866,0.10970739919633457,0.07541095959242314
1218,2.467999999999866,0.18255834851506125,0.09863960340369231
1219,2.4689999999998657,0.10315316446730645,0.07575353556972977
1220,2.4699999999998656,0.10677668039171573,0.08028330062203726
1221,2.4709999999998655,0.10458848200230925,0.07671649378034613
1222,2.4719999999998654,0.10601576715903377,0.07663240351376317
1223,2.4729999999998653,0.109714707584366,0.07394611590785255
1224,2.473999999999865,0.10090346587726186,0.07981009927335037
1225,2.474999999999865,0.09671098501540405,0.08611377232731547
1226,2.475999999999865,0.12456740856215197,0.08539398091524024
1227,2.476999999999865,0.0973012056716994,0.06869914805778315
1228,2.4779999999998648,0.0887735874200916,0.07466816996189153
1229,2.4789999999998646,0.1294235892258728,0.08096496474175405
1230,2.4799999999998645,0.09506732039392163,0.09669457727890927
1231,2.4809999999998644,0.12654802644239646,0.06637516947741844
1232,2.4819999999998643,0.09088331600825543,0.09819176412622471
1233,2.482999999999864,0.10999751892918987,0.10261537854504064
1234,2.483999999999864,0.09975778850175934,0.10383696395689937
1235,2.484999999999864,0.13453112807104575,0.053056634879654486
1236,2.485999999999864,0.10329598105850073,0.10680202276060428
1237,2.4869999999998638,0.12263574207307028,0.10609602662121463
1238,2.4879999999998637,0.13910033382736658,0.08737062088084524
1239,2.4889999999998635,0.11422724326782917,0.024344739979708156
1240,2.4899999999998634,0.0566845671458742,0.09846605490765485
1241,2.4909999999998633,0.03757694301989086,0.07700685605641404
1242,2.491999999999863,0.15021835232438452,0.08350640153023954
1243,2.492999999999863,0.1494893628533789,0.07558711308338054
1244,2.493999999999863,0.07712065405700298,0.06123460463964765
1245,2.494999999999863,0.10116214060452036,0.014824538290841417
1246,2.4959999999998628,0.147812104798683,0.049347543799276763
1247,2.4969999999998627,0.15132804325327967,0.06656532808507708
1248,2.4979999999998626,0.04173618368757778,0.10016779626537957
1249,2.4989999999998624,0.14415422234167105,0.05234143535487921
1250,2.4999999999998623,0.11036674861400743,0.10966081399875734
1251,2.5009999999998622,0.12309102538199315,0.02799740309893761
1252,2.501999999999862,0.09869888225993503,0.10937405859323761
1253,2.502999999999862,0.105518587143045,0.10732050408444326
1254,2.503999999999862,0.14741595142432046,0.07133114090257903
1255,2.504999999999862,0.0761537162222622,0.10232854455897324
1256,2.5059999999998617,0.07028951973251292,0.0742127684599209
1257,2.5069999999998616,0.11544528366279322,0.04526395633309983
1258,2.5079999999998615,0.07780899706628856,0.07377068095143959
1259,2.5089999999998613,0.12690863513848194,0.09352973822820175
1260,2.5099999999998612,0.13059825765258729,0.08578464217812534
1261,2.510999999999861,0.08214664959075536,0.08835956028917347
1262,2.511999999999861,0.09765806134259958,0.09258569185390737
1263,2.512999999999861,0.08803451970289893,0.07891087879276701
1264,2.513999999999861,0.10951920877867478,0.06627084335356657
1265,2.5149999999998607,0.09768787417624411,0.07335578583977995
1266,2.5159999999998606,0.11791006189173227,0.07446228495662077
1267,2.5169999999998605,0.11378913412853651,0.08714812001345972
1268,2.5179999999998603,0.11943148665707519,0.0797050369557435
1269,2.5189999999998602,0.11169049405199927,0.07914637111600913
1270,2.51999999999986,0.11376368888399246,0.0805104658666657
1271,2.52099999999986,0.11400827416387482,0.08044413130777352
1272,2.52199999999986,0.11220494658038564,0.07784024190983943
1273,2.52299999999986,0.11361397609796814,0.07646511479327438
1274,2.5239999999998597,0.11214530418247277,0.08309452201775548
1275,2.5249999999998596,0.10703544144965677,0.08154274719301388
1276,2.5259999999998595,0.12348498982098126,0.07854146211109903
1277,2.5269999999998594,0.12330778437723687,0.0738494677085057
1278,2.5279999999998592,0.11651422023636204,0.07139220386463466
1279,2.528999999999859,0.12145006961032619,0.08290842350223902
1280,2.529999999999859,0.12884878717515133,0.07547519407488909
1281,2.530999999999859,0.10790167593320522,0.08670750255183779
1282,2.531999999999859,0.11564977236478909,0.07104871454341918
1283,2.5329999999998587,0.10302751421515612,0.08163474750126706
1284,2.5339999999998586,0.11269891544549891,0.08698799121508499
1285,2.5349999999998585,0.1312305064837417,0.07437998391424804
1286,2.5359999999998584,0.1207638286681446,0.08417344883783195
1287,2.5369999999998583,0.10564783430308704,0.08281685242309639
1288,2.537999999999858,0.11588496725327459,0.08458705992219605
1289,2.538999999999858,0.1327429106488548,0.07740012390736788
1290,2.539999999999858,0.1195414235451848,0.0821952123214026
1291,2.540999999999858,0.12460565931768187,0.08054522137947312
1292,2.5419999999998577,0.1172880880169597,0.08091207142396889
1293,2.5429999999998576,0.1258516250535067,0.0766330798484277
1294,2.5439999999998575,0.16246943875051315,0.09722282068044229
1295,2.5449999999998574,0.12120843567076993,0.07927187275990003
1296,2.5459999999998573,0.14424406075766985,0.08501588253530483
1297,2.546999999999857,0.12553545281442802,0.07886559523558943
1298,2.547999999999857,0.12336676564236575,0.07808654705449138
1299,2.548999999999857,0.12275584158688507,0.0793099975286625
1300,2.549999999999857,0.12337709706358811,0.07987704147984051
1301,2.5509999999998567,0.13690961091296786,0.0790428363412383
1302,2.5519999999998566,0.1218446408986952,0.07979581100106703
1303,2.5529999999998565,0.1219706277580547,0.0806583946573483
1304,2.5539999999998564,0.12454676553414992,0.07617622558353425
1305,2.5549999999998563,0.13791936430451412,0.0713380432916175
1306,2.555999999999856,0.12282470642182956,0.07869414615584204
1307,2.556999999999856,0.12791654636426336,0.0804885750666033
1308,2.557999999999856,0.14256873010312335,0.0713646112565405
1309,2.558999999999856,0.1304858828223823,0.07755010944354043
1310,2.5599999999998557,0.13515086392149997,0.07720434458738654
1311,2.5609999999998556,0.14565266053314385,0.07221251399970362
1312,2.5619999999998555,0.1360801017271647,0.07387613223282638
1313,2.5629999999998554,0.13009736738971459,0.07605520752165194
1314,2.5639999999998553,0.13263220642661916,0.07831889299795895
1315,2.564999999999855,0.14237062475889925,0.0712532611034497
1316,2.565999999999855,0.14134780297723096,0.069727579137548
1317,2.566999999999855,0.14772317361966278,0.06738363500583185
1318,2.567999999999855,0.1448306634292399,0.06866043438192382
1319,2.5689999999998547,0.1460203079839131,0.0644850398633945
1320,2.5699999999998546,0.14839270355386097,0.06712137655634198
1321,2.5709999999998545,0.15248775342586202,0.0635000045917687
1322,2.5719999999998544,0.1482375939161504,0.06237869060921633
1323,2.5729999999998543,0.15796803722610603,0.05939760188591963
1324,2.573999999999854,0.15875699486567912,0.05464567419094744
1325,2.574999999999854,0.1577518036972933,0.054969657072883565
1326,2.575999999999854,0.16529497755398148,0.04862170472288702
1327,2.576999999999854,0.15981411636513218,0.049613809928576794
1328,2.5779999999998537,0.16625925849163986,0.045880148852192965
1329,2.5789999999998536,0.15937592962716252,0.04657939487432748
1330,2.5799999999998535,0.16533723435214576,0.0441831528136793
1331,2.5809999999998534,0.19025518759174817,0.054663786825331864
1332,2.5819999999998533,0.17190821083663754,0.04508819380951091
1333,2.582999999999853,0.1635361468303014,0.040727055442942375
1334,2.583999999999853,0.16669280224739455,0.04782770818549672
1335,2.584999999999853,0.1681272701433003,0.05398186809812407
1336,2.585999999999853,0.17756876153402557,0.05708091298898736
1337,2.5869999999998528,0.16282801736413435,0.0654752040848
1338,2.5879999999998526,0.16229723914270683,0.06574379307660402
1339,2.5889999999998525,0.1629235712959738,0.07135763880418217
1340,2.5899999999998524,0.17119802956138003,0.07540984273399759
1341,2.5909999999998523,0.17223341632644498,0.07997954497210136
1342,2.591999999999852,0.16780362484131392,0.07988215112465019
1343,2.592999999999852,0.16810421676710607,0.0836834907831121
1344,2.593999999999852,0.2172779235612104,0.10676934597434114
1345,2.594999999999852,0.16821795049846625,0.08556799659022082
1346,2.5959999999998518,0.1673403809969527,0.08609974759167197
1347,2.5969999999998516,0.17059758322226434,0.08782361037445743
1348,2.5979999999998515,0.1704789102635684,0.088847109569653
1349,2.5989999999998514,0.17806993809756513,0.09289978014100783
1350,2.5999999999998513,0.17815272939050347,0.09085201073219747
1351,2.600999999999851,0.1835407234095875,0.09206694231965476
1352,2.601999999999851,0.17442657392589986,0.09169808834104129
1353,2.602999999999851,0.2136119223434326,0.09261446105384061
1354,2.603999999999851,0.18116150977812762,0.08878264006803986
1355,2.6049999999998508,0.21572638769054206,0.1030357449029581
1356,2.6059999999998507,0.1791924603941041,0.09212652570909616
1357,2.6069999999998505,0.2040588750009256,0.09908040999327372
1358,2.6079999999998504,0.19258976083300236,0.09550112655160498
1359,2.6089999999998503,0.193261069721028,0.09626707450897626
1360,2.60999999999985,0.1937267815544387,0.09384109485057872
1361,2.61099999999985,0.2060954833665737,0.092497719628398
1362,2.61199999999985,0.21062422730068775,0.0904344715061271
1363,2.61299999999985,0.21523595170693316,0.09175627317049037
1364,2.6139999999998498,0.21620491531353386,0.09256945625878837
1365,2.6149999999998497,0.2238587068101382,0.09258837885021641
1366,2.6159999999998496,0.21376964211737068,0.09396209700861896
1367,2.6169999999998494,0.22277230380589513,0.09453784323617681
1368,2.6179999999998493,0.22026239707667516,0.09476782408941857
1369,2.6189999999998492,0.23555099464159313,0.09377092523979662
1370,2.619999999999849,0.23352660580303947,0.09394321664293273
1371,2.620999999999849,0.2410063394299888,0.09391056354926718
1372,2.621999999999849,0.2505058499429405,0.09427686365730516
1373,2.622999999999849,0.25013998170488455,0.09398657101788493
1374,2.6239999999998487,0.25805776227768773,0.09411530278263097
1375,2.6249999999998486,0.25697914182095893,0.09493230097908946
1376,2.6259999999998485,0.26717080531463655,0.09664954184768786
1377,2.6269999999998483,0.2655383542832028,0.09561827997108514
1378,2.6279999999998482,0.28633380035939915,0.09259208733683119
1379,2.628999999999848,0.2989537476584846,0.09245785746598487
1380,2.629999999999848,0.3005038530616448,0.09286874141369088
1381,2.630999999999848,0.28692848599095205,0.0972362138680245
1382,2.631999999999848,0.30418764089711003,0.09452523288669877
1383,2.6329999999998477,0.3115081698097929,0.09834935576551182
1384,2.6339999999998476,0.3245943306324975,0.09318782696612332
1385,2.6349999999998475,0.3473572786579459,0.0933505766119871
1386,2.6359999999998474,0.3599271181050442,0.0946049239515738
1387,2.6369999999998472,0.3464885071627654,0.09868432150813465
1388,2.637999999999847,0.3672813974659856,0.09756606357127015
1389,2.638999999999847,0.3660561457536666,0.0975747885261054
1390,2.639999999999847,0.6523792788752012,0.1491047027939493
1391,2.640999999999847,0.40034590421085786,0.09419038843019627
1392,2.6419999999998467,0.3871099677057751,0.0973862380852997
1393,2.6429999999998466,0.4260286260944087,0.09636920704782706
1394,2.6439999999998465,0.4422823708911421,0.09727227967885843
1395,2.6449999999998464,0.5071802668007525,0.0965006683891121
1396,2.6459999999998463,0.47822855963918115,0.09615868911414546
1397,2.646999999999846,0.5116989204940751,0.0966455734348415
1398,2.647999999999846,0.5491298672588613,0.09750272117580971
1399,2.648999999999846,0.5477332629419706,0.09709886279908313
1400,2.649999999999846,0.6028442403682718,0.09613918886975352
1401,2.6509999999998457,0.6021872820013467,0.0967745305000217
1402,2.6519999999998456,0.6301751069438529,0.10017478126710735
1403,2.6529999999998455,0.6474926970304548,0.09734116325052396
1404,2.6539999999998454,0.7122573381255887,0.10006626471743617
1405,2.6549999999998453,0.7189111810781187,0.09673762279995121
1406,2.655999999999845,0.7068867823819145,0.09977440123661747
1407,2.656999999999845,0.8650629786812585,0.09848401557733896
1408,2.657999999999845,0.8118194620422988,0.10009621072875342
1409,2.658999999999845,0.9746668058527148,0.09662311397385588
1410,2.6599999999998447,0.9751978998853192,0.0969010561562254
1411,2.6609999999998446,1.0890036375745513,0.0971166893970079
1412,2.6619999999998445,1.0904655471494837,0.0987645794014478
1413,2.6629999999998444,1.1895487856539668,0.10240145454481199
1414,2.6639999999998443,1.0684588314501293,0.15829260307531598
1415,2.664999999999844,1.3890929275275132,0.09865189797771104
1416,2.665999999999844,1.3723793465102476,0.10139317104413155
1417,2.666999999999844,1.5709622803067003,0.10162618954112254
1418,2.667999999999844,1.6902939792082212,0.10012073829120322
1419,2.6689999999998437,1.698852532533486,0.10332859132091252
1420,2.6699999999998436,1.8178472491973463,0.10162761753172271
1421,2.6709999999998435,1.8591241653428592,0.10124118784864322
1422,2.6719999999998434,1.860726010434283,0.1007980429132948
1423,2.6729999999998433,1.361786152273404,0.10516202934772423
1424,2.673999999999843,1.8058193243183402,0.10014952947697864
1425,2.674999999999843,1.0984282531127816,0.1114228500740686
1426,2.675999999999843,1.6893803274981438,0.10009336281232137
1427,2.676999999999843,1.6756207318753118,0.11613036268334366
1428,2.6779999999998427,1.513538490913065,0.09850078906886676
1429,2.6789999999998426,1.5505213398024593,0.10026119977632147
1430,2.6799999999998425,1.2943062809477741,0.10156997196699517
1431,2.6809999999998424,1.269905832705404,0.10121060763381781
1432,2.6819999999998423,1.1257634373305638,0.09838854303074217
1433,2.682999999999842,1.1125392561439091,0.09959632531913126
1434,2.683999999999842,1.032229227014079,0.1017249795684199
1435,2.684999999999842,1.0442667147514386,0.100656451139841
1436,2.685999999999842,0.8969994571879372,0.09763605371616281
1437,2.6869999999998417,0.8654244603477005,0.09842572686100381
1438,2.6879999999998416,0.8727354860541456,0.09987713761976211
1439,2.6889999999998415,0.7860554846289105,0.10031519291444642
1440,2.6899999999998414,0.7905055447745777,0.10169125748952319
1441,2.6909999999998413,0.7736086430542719,0.10146409695144268
1442,2.691999999999841,0.7347552613935883,0.10040836897940629
1443,2.692999999999841,0.7129624285122084,0.10028079002263562
1444,2.693999999999841,0.6917464382198969,0.10115333928407795
1445,2.694999999999841,0.6579495122361028,0.10176573180072636
1446,2.6959999999998407,0.653109210008219,0.10121886481827339
1447,2.6969999999998406,0.6142376840087429,0.10157303361587582
1448,2.6979999999998405,0.5929534930164043,0.10454076475905076
1449,2.6989999999998404,0.586331756796328,0.10176839286318014
1450,2.6999999999998403,0.5562110914087844,0.10278432893723592
1451,2.70099999999984,0.5559026171009711,0.10248871370740768
1452,2.70199999999984,0.5299684954831007,0.10132678636945812
1453,2.70299999999984,0.5216828229961489,0.10444668506583583
1454,2.70399999999984,0.5082500133714567,0.10370187067199815
1455,2.7049999999998398,0.49116775069696644,0.1011040359020235
1456,2.7059999999998396,0.48758378410682485,0.10133094228013911
1457,2.7069999999998395,0.46512943580257543,0.103486786983943
1458,2.7079999999998394,0.46519537724199456,0.10262688118706752
1459,2.7089999999998393,0.4649441788894352,0.10451607192291205
1460,2.709999999999839,0.42115972578721433,0.10377876017723513
1461,2.710999999999839,0.4480227351774781,0.10520301437617753
1462,2.711999999999839,0.46672241178322993,0.12415423950645003
1463,2.712999999999839,0.4278208330964456,0.10508776720397073
1464,2.7139999999998388,0.6479772057158372,0.162839104757812
1465,2.7149999999998387,0.39983253263717383,0.10511929034246077
1466,2.7159999999998385,0.4057554717777683,0.10676950373999737
1467,2.7169999999998384,0.38723097613049645,0.10458791534342342
1468,2.7179999999998383,0.3945280351477047,0.106018654451693
1469,2.718999999999838,0.38254138361455214,0.1065187260959311
1470,2.719999999999838,0.38367423734319234,0.10519272958353329
1471,2.720999999999838,0.3800661267131019,0.10631260801135148
1472,2.721999999999838,0.36798642191492315,0.10681357191025584
1473,2.7229999999998378,0.36254927988782887,0.10628436474168872
1474,2.7239999999998377,0.3544437460207758,0.10601632006993984
1475,2.7249999999998376,0.35540796684784787,0.10628582767623422
1476,2.7259999999998374,0.34627422726351353,0.1061452573963826
1477,2.7269999999998373,0.34394976199678906,0.10826622012006282
1478,2.727999999999837,0.3433390327260365,0.10610306098762197
1479,2.728999999999837,0.33710903674416415,0.10594829487894997
1480,2.729999999999837,0.3307573628748903,0.10715680741405538
1481,2.730999999999837,0.3325823350677355,0.10723450628313762
1482,2.731999999999837,0.319670231355302,0.10612624911179877
1483,2.7329999999998367,0.32851977632323476,0.1096709633345375
1484,2.7339999999998366,0.322621120884511,0.10959448345123919
1485,2.7349999999998365,0.3225558941820627,0.10789333602842888
1486,2.7359999999998363,0.31090367467704694,0.10613748113650932
1487,2.7369999999998362,0.3167066695859625,0.10944886935329833
1488,2.737999999999836,0.32506155539136694,0.11255323302219238
1489,2.738999999999836,0.3059130619984877,0.10870241426161137
1490,2.739999999999836,0.30138136514399855,0.10864518312005415
1491,2.740999999999836,0.29688491946625056,0.10977281821422795
1492,2.7419999999998357,0.2994476397328476,0.10846327409730332
1493,2.7429999999998356,0.29286203788053256,0.11030739648364832
1494,2.7439999999998355,0.29561665109091323,0.10949473478218034
1495,2.7449999999998353,0.29756728892185286,0.11108407117532365
1496,2.7459999999998352,0.2877408451765493,0.11022449321876633
1497,2.746999999999835,0.28907211546714817,0.11007664026350472
1498,2.747999999999835,0.28378811159095785,0.11120304316809014
1499,2.748999999999835,0.2860319770333748,0.11050570017147111
1500,2.749999999999835,0.2845088383072776,0.11093242314072194
1501,2.7509999999998347,0.2845257881499311,0.1117661321647873
1502,2.7519999999998346,0.27900465894273374,0.1109142119105099
1503,2.7529999999998345,0.2737867253183514,0.11263503196284402
1504,2.7539999999998344,0.27899342340173366,0.11136684244190807
1505,2.7549999999998342,0.27586547090973357,0.1121722252992589
1506,2.755999999999834,0.2782699186612858,0.11272909403318399
1507,2.756999999999834,0.26846732750937435,0.11300062860843339
1508,2.757999999999834,0.28211078636606907,0.1159195719450887
1509,2.758999999999834,0.2731408584381189,0.11539915793158462
1510,2.7599999999998337,0.2680154893982791,0.11298228053783531
1511,2.7609999999998336,0.26228691067541293,0.11196415521402542
1512,2.7619999999998335,0.2710093675026893,0.11534399141559122
1513,2.7629999999998334,0.26469757370663277,0.1123647241786137
1514,2.7639999999998333,0.2648941024441425,0.1143339322004843
1515,2.764999999999833,0.26152704195842696,0.1143864141266299
1516,2.765999999999833,0.26220958040036363,0.11519071870646734
1517,2.766999999999833,0.2619387248735144,0.11567509993778755
1518,2.767999999999833,0.25927588174651417,0.11474841818482671
1519,2.7689999999998327,0.2572487136152047,0.11515817190433329
1520,2.7699999999998326,0.2587796124295192,0.11687020858044815
1521,2.7709999999998325,0.2578966498235825,0.11583011442659379
1522,2.7719999999998324,0.25537752617617404,0.11537786714153289
1523,2.7729999999998323,0.2718891939796132,0.12421858466685258
1524,2.773999999999832,0.2509444055397412,0.1162059418910495
1525,2.774999999999832,0.2510238851568954,0.11669184971434061
1526,2.775999999999832,0.25112298266143296,0.11752119531084025
1527,2.776999999999832,0.24852922810506545,0.1162841462847047
1528,2.7779999999998317,0.2519978560029103,0.11853723880914654
1529,2.7789999999998316,0.2513627072401757,0.11917504301354225
1530,2.7799999999998315,0.25316543764578076,0.11950744202834787
1531,2.7809999999998314,0.2464015493862342,0.11864895597870227
1532,2.7819999999998313,0.2441986344214464,0.11696392228096651
1533,2.782999999999831,0.24637434291410026,0.11954005119145757
1534,2.783999999999831,0.24976169088522623,0.11925590721848785
1535,2.784999999999831,0.24267631536151177,0.1166730492991762
1536,2.785999999999831,0.25009891855254635,0.12160217047585196
1537,2.7869999999998307,0.2470986926484552,0.12044453196710876
1538,2.7879999999998306,0.24334130866485174,0.11988208481121235
1539,2.7889999999998305,0.24371702717794289,0.12038510122763987
1540,2.7899999999998304,0.2385871077814723,0.11833840051205496
1541,2.7909999999998303,0.24327042112137023,0.1208556441106539
1542,2.79199999999983,0.2426444312009806,0.12135909886700227
1543,2.79299999999983,0.24015830797089333,0.12166992071651372
1544,2.79399999999983,0.23979376494646068,0.12059892771838471
1545,2.79499999999983,0.2402557193236129,0.1211905543127111
1546,2.7959999999998297,0.24071479076147698,0.12101498684088279
1547,2.7969999999998296,0.23907374480465318,0.12139672897558589
1548,2.7979999999998295,0.2398932681986226,0.12108546267771186
1549,2.7989999999998294,0.23976680273977627,0.1217860735744964
1550,2.7999999999998293,0.2392695571179406,0.12114260319023841
