,f_kHz,A_ch1,A_ch2
0,1.25,0.0994625972995891,0.09728410773799559
1,1.251,0.09199439221706682,0.08066160748768221
2,1.2519999999999998,0.09139337141618732,0.09172159838220888
3,1.2529999999999997,0.0869228534530809,0.07881589630057324
4,1.2539999999999996,0.09581718145698088,0.10017425094146971
5,1.2549999999999994,0.10690731450862065,0.10462828314225045
6,1.2559999999999993,0.09558281692072172,0.08360564872072596
7,1.2569999999999992,0.10431764201050872,0.08793566798214794
8,1.2579999999999991,0.10722883669899501,0.09681527867583893
9,1.258999999999999,0.10800457960610786,0.09187477472722447
10,1.259999999999999,0.12288670237383878,0.11273772587181188
11,1.2609999999999988,0.08243835424527977,0.09904273932887511
12,1.2619999999999987,0.09025935728460067,0.09370525252724506
13,1.2629999999999986,0.10109717521595525,0.10901446150456874
14,1.2639999999999985,0.09916050554347296,0.1075414632069254
15,1.2649999999999983,0.10045831176307381,0.11100668559414224
16,1.2659999999999982,0.10325333621916553,0.11385259690743683
17,1.2669999999999981,0.09669197727014127,0.10474591617098222
18,1.267999999999998,0.09696413236783055,0.09853277576397242
19,1.268999999999998,0.1037988653742581,0.10043040769670106
20,1.2699999999999978,0.11280342559504371,0.10478054718146686
21,1.2709999999999977,0.10841730843888499,0.10296298204265682
22,1.2719999999999976,0.09779251840136524,0.1006916522048009
23,1.2729999999999975,0.10969109229773383,0.10780659327376295
24,1.2739999999999974,0.1083395730155809,0.10065448157589894
25,1.2749999999999972,0.10305895370896141,0.10044526948738156
26,1.2759999999999971,0.11049358381772328,0.10097795181448337
27,1.276999999999997,0.11355745782173862,0.10283081061959495
28,1.277999999999997,0.09518491683824601,0.09642791921191549
29,1.2789999999999968,0.10459359689946857,0.10333617770702656
30,1.2799999999999967,0.11491587333797879,0.10612142630162734
31,1.2809999999999966,0.11359690725827977,0.10520874139970869
32,1.2819999999999965,0.11566078191047202,0.10463879677471707
33,1.2829999999999964,0.11018218850815396,0.1019446574380779
34,1.2839999999999963,0.10852818572894946,0.10220766030979277
35,1.2849999999999961,0.1155986869029346,0.10508924679620553
36,1.285999999999996,0.12366879165473196,0.10794193914221678
37,1.286999999999996,0.11081288307348297,0.10204353278504608
38,1.2879999999999958,0.11465879816197849,0.10471810412830837
39,1.2889999999999957,0.11741828004778318,0.10463349674810787
40,1.2899999999999956,0.11976140557239504,0.10431245595393289
41,1.2909999999999955,0.11667227997390935,0.10523453993070787
42,1.2919999999999954,0.12545312577166712,0.10904517033312476
43,1.2929999999999953,0.11383884693857811,0.10095209231437312
44,1.2939999999999952,0.12813411919973597,0.10982634712124208
45,1.294999999999995,0.12896839398503432,0.10992380279840018
46,1.295999999999995,0.13093120238331876,0.10992586560374848
47,1.2969999999999948,0.12541377013686075,0.1081068920431088
48,1.2979999999999947,0.15072487561364256,0.1121939280834956
49,1.2989999999999946,0.1354451184820302,0.11046089968344645
50,1.2999999999999945,0.24217433018788606,0.16529446979491522
51,1.3009999999999944,0.14327236894903644,0.112773763267326
52,1.3019999999999943,0.13919900834562632,0.1107413659221426
53,1.3029999999999942,0.1333442835629946,0.10573361427517387
54,1.303999999999994,0.14307549138102857,0.1091831107666077
55,1.304999999999994,0.15006948008323756,0.11327680848434225
56,1.3059999999999938,0.15058008275653784,0.11209369520801372
57,1.3069999999999937,0.15717971797488228,0.10834441499381159
58,1.3079999999999936,0.1541941288150072,0.11316419612941621
59,1.3089999999999935,0.1708603689829493,0.11377179864625118
60,1.3099999999999934,0.16254268409408917,0.11585010299153112
61,1.3109999999999933,0.1685370572657407,0.11627310321566883
62,1.3119999999999932,0.1594848013487095,0.10995811105992914
63,1.312999999999993,0.1757128966731098,0.11387671028502647
64,1.313999999999993,0.1789769148029515,0.11592015319313392
65,1.3149999999999928,0.18169052804113645,0.11554890222274534
66,1.3159999999999927,0.1830357373620363,0.1156240098208843
67,1.3169999999999926,0.19240753147238832,0.11607193802485158
68,1.3179999999999925,0.20254398352993302,0.11957577229782154
69,1.3189999999999924,0.19983186920654394,0.11664221583489566
70,1.3199999999999923,0.2162583025366038,0.12013206045244727
71,1.3209999999999922,0.22254714158649375,0.11714254162702405
72,1.321999999999992,0.34217465485044235,0.12605803683142247
73,1.322999999999992,0.2403876071265481,0.11953311381666555
74,1.3239999999999919,0.24275032192544907,0.12419822152182157
75,1.3249999999999917,0.25186153560559976,0.11773612907711238
76,1.3259999999999916,0.26030194570963977,0.1227486279409098
77,1.3269999999999915,0.28711705702942963,0.12547742356237349
78,1.3279999999999914,0.27645508685322023,0.11979057833022312
79,1.3289999999999913,0.2678948679494946,0.12083318081505595
80,1.3299999999999912,0.32874328058199515,0.12067411341997544
81,1.330999999999991,0.33128604310736265,0.12272371325289468
82,1.331999999999991,0.36668637949838,0.12047370395507327
83,1.3329999999999909,0.36816130248952944,0.12333253764523139
84,1.3339999999999907,0.4175539409076904,0.12686517102356087
85,1.3349999999999906,0.4090732506851555,0.12339975787454469
86,1.3359999999999905,0.4434413153331136,0.12394164360390511
87,1.3369999999999904,0.5349651495465595,0.12488282299683182
88,1.3379999999999903,0.5355528540765409,0.12661465263904542
89,1.3389999999999902,0.6118641448602432,0.12516058024942012
90,1.33999999999999,0.6168136681675956,0.12454236079580253
91,1.34099999999999,0.7167634007550195,0.12330782500298648
92,1.3419999999999899,0.7185875413488918,0.12548006710195295
93,1.3429999999999898,0.8331131038487583,0.124721107912
94,1.3439999999999896,0.8283055586324655,0.12530724209393973
95,1.3449999999999895,0.9100902853206516,0.12857660001026286
96,1.3459999999999894,0.6042287439051418,0.14852094111219782
97,1.3469999999999893,0.9302921267335705,0.1290042242246493
98,1.3479999999999892,0.8731106996911951,0.1298226449193238
99,1.348999999999989,0.8702871309100989,0.13142449284453991
100,1.349999999999989,0.7689301718580381,0.13124182363578168
101,1.3509999999999889,0.7697559326635471,0.13327282518002512
102,1.3519999999999888,0.6663400245314641,0.13640156439151077
103,1.3529999999999887,0.5801231676382875,0.13856733504141605
104,1.3539999999999885,0.572003708806868,0.1339853240927965
105,1.3549999999999884,0.5576574022823404,0.13794793787513007
106,1.3559999999999883,0.4987208976320012,0.1350887068416791
107,1.3569999999999882,0.5897385666947622,0.14222079624920678
108,1.357999999999988,0.3895304559422835,0.1398295824419411
109,1.358999999999988,0.38783146739296226,0.13839723995029327
110,1.3599999999999879,0.3650049940917174,0.14375658958392812
111,1.3609999999999878,0.3563459663613315,0.14408794559115237
112,1.3619999999999877,0.33456607152185175,0.14377685026134476
113,1.3629999999999876,0.320562536787975,0.1438040282520709
114,1.3639999999999874,0.3205622458494312,0.14536531189270702
115,1.3649999999999873,0.2721946596867577,0.14802890693317305
116,1.3659999999999872,0.27071236873951754,0.14529741864660642
117,1.3669999999999871,0.2533310367922335,0.1474882728681507
118,1.367999999999987,0.2562826890853594,0.15119037332013188
119,1.368999999999987,0.23918866823620433,0.1508413940759702
120,1.3699999999999868,0.23945199409542095,0.15017147201768932
121,1.3709999999999867,0.224514662503915,0.1516860762896324
122,1.3719999999999866,0.21996140298105435,0.14888014667742527
123,1.3729999999999865,0.21045328100824773,0.1532600725908581
124,1.3739999999999863,0.2011404973860955,0.15456798009799755
125,1.3749999999999862,0.2000176639008454,0.1552464148950136
126,1.3759999999999861,0.19311360533372862,0.15812550220227897
127,1.376999999999986,0.1927373773501581,0.1593981085901727
128,1.377999999999986,0.19174566461769063,0.1656174950219492
129,1.3789999999999858,0.18672901361220862,0.15832832958907045
130,1.3799999999999857,0.18471539215769112,0.15994534295475873
131,1.3809999999999856,0.16335271766580917,0.1635273993680544
132,1.3819999999999855,0.1689452907280244,0.1645007364116882
133,1.3829999999999854,0.16439677129330912,0.1630840006958579
134,1.3839999999999852,0.15452346108498202,0.16615856374315155
135,1.3849999999999851,0.1562622791345444,0.16660791895017638
136,1.385999999999985,0.16210059002941005,0.16838583904256516
137,1.386999999999985,0.18082347116732625,0.17018096320086593
138,1.3879999999999848,0.14834709579845512,0.1717456747102641
139,1.3889999999999847,0.1410246997591738,0.16962626488719174
140,1.3899999999999846,0.13904187806077767,0.17313155218893803
141,1.3909999999999845,0.14404095748972956,0.1732232605589142
142,1.3919999999999844,0.14214174555027387,0.17476974331726838
143,1.3929999999999843,0.14730343586243477,0.1955039480334531
144,1.3939999999999841,0.13362732687623588,0.1787750892386292
145,1.394999999999984,0.13415107435878884,0.1774656231042942
146,1.395999999999984,0.1356441326711849,0.18093741732940846
147,1.3969999999999838,0.1298444518845766,0.1830449178446273
148,1.3979999999999837,0.13110707496094007,0.18421971499799128
149,1.3989999999999836,0.1247347559901346,0.18541814663537706
150,1.3999999999999835,0.1278681229327961,0.18627287099070775
151,1.4009999999999834,0.11811386951138024,0.18716157126756344
152,1.4019999999999833,0.134183668298706,0.190988142131967
153,1.4029999999999831,0.1189387640651415,0.1916345486457178
154,1.403999999999983,0.11557760757177606,0.19319882381056644
155,1.404999999999983,0.11478570936899418,0.19446128718440397
156,1.4059999999999828,0.12233328329859684,0.19870915727638605
157,1.4069999999999827,0.11748727459724226,0.19858548520371702
158,1.4079999999999826,0.11701250294555728,0.20065187795438671
159,1.4089999999999825,0.12102234214943172,0.20409909643781315
160,1.4099999999999824,0.12021718745247038,0.2048533333163685
161,1.4109999999999823,0.12360140318507018,0.20645760087807424
162,1.4119999999999822,0.11032670773596813,0.20739596943063754
163,1.412999999999982,0.10489509490660914,0.20854999581070158
164,1.413999999999982,0.11337233346976616,0.21199819566568498
165,1.4149999999999818,0.11253393989539089,0.22179264969532517
166,1.4159999999999817,0.10235470278482674,0.21657659780647978
167,1.4169999999999816,0.10447080744713969,0.2170274410761813
168,1.4179999999999815,0.10580021265971959,0.22146810567834113
169,1.4189999999999814,0.10206854538416754,0.21995175357541577
170,1.4199999999999813,0.10320449879025682,0.22655071153132728
171,1.4209999999999812,0.0985975779398008,0.22427233004566666
172,1.421999999999981,0.09352986249866835,0.22867081093478112
173,1.422999999999981,0.11398786664693425,0.2370458748445215
174,1.4239999999999808,0.10333152587338615,0.23369744018068017
175,1.4249999999999807,0.09337879586146092,0.23716857513982326
176,1.4259999999999806,0.10607316542442585,0.23952487635316957
177,1.4269999999999805,0.1007763474282686,0.2440353040322889
178,1.4279999999999804,0.09104622090529388,0.24260668431233803
179,1.4289999999999803,0.10402776957240858,0.24965636180639464
180,1.4299999999999802,0.09503160144287658,0.25560828953019005
181,1.43099999999998,0.10542352907327328,0.25584136735429314
182,1.43199999999998,0.09543932968272502,0.2611203102935001
183,1.4329999999999798,0.09073278258937394,0.25817712957877487
184,1.4339999999999797,0.09318299809526831,0.26604669052464947
185,1.4349999999999796,0.0999994670835026,0.27647050001202633
186,1.4359999999999795,0.09031896695753495,0.27427524650729895
187,1.4369999999999794,0.12718164930852882,0.3436478922112489
188,1.4379999999999793,0.0971287877745185,0.28161810482134997
189,1.4389999999999792,0.09712445340018067,0.2860599548101944
190,1.439999999999979,0.08657242468706022,0.28595990583474346
191,1.440999999999979,0.08704512856123975,0.2938328097433585
192,1.4419999999999789,0.08680694217668082,0.2942299496419778
193,1.4429999999999787,0.08657661406243691,0.30327672107090964
194,1.4439999999999786,0.09506016677626684,0.31479046057511123
195,1.4449999999999785,0.08835119691651507,0.3127917727693838
196,1.4459999999999784,0.10056688698823861,0.3209388681669573
197,1.4469999999999783,0.10822971130850079,0.3234369265666697
198,1.4479999999999782,0.09124450287642573,0.329264148830125
199,1.448999999999978,0.09271607675537173,0.32881379462798643
200,1.449999999999978,0.09151558987835029,0.32981521988163415
201,1.4509999999999779,0.08038719696495461,0.342268094652878
202,1.4519999999999778,0.08612394662697553,0.3433722766410656
203,1.4529999999999776,0.08527326041460721,0.34800022311512424
204,1.4539999999999775,0.08828085389933285,0.3495741822080194
205,1.4549999999999774,0.08898719686892508,0.3545000855808742
206,1.4559999999999773,0.08522390779841148,0.35328820412746226
207,1.4569999999999772,0.08823346251016782,0.35679391747592676
208,1.457999999999977,0.10220631269822794,0.35906087382691576
209,1.458999999999977,0.10094352328326883,0.3634031367558816
210,1.4599999999999769,0.07942584348579103,0.3633941514419015
211,1.4609999999999768,0.08802180595961213,0.36572846618339255
212,1.4619999999999767,0.09395964685143074,0.37239179581675774
213,1.4629999999999765,0.14066970625085667,0.5243487695383334
214,1.4639999999999764,0.08989529298481944,0.3766311018768414
215,1.4649999999999763,0.090437065826964,0.379954250796884
216,1.4659999999999762,0.08696437567745434,0.3804221713208685
217,1.466999999999976,0.08318609511642285,0.38614590185964115
218,1.467999999999976,0.09446506284083889,0.3893190825308649
219,1.4689999999999759,0.08104669902130353,0.3938509022952705
220,1.4699999999999758,0.10061261457409129,0.4045180168107046
221,1.4709999999999757,0.08181325686273144,0.40251336712105923
222,1.4719999999999756,0.09021576207364708,0.4043047841428363
223,1.4729999999999754,0.0966662525951566,0.4128609073725263
224,1.4739999999999753,0.11283969486868908,0.42983123881049345
225,1.4749999999999752,0.09008162889719831,0.4219636125112929
226,1.475999999999975,0.08290883398104883,0.4315193074269443
227,1.476999999999975,0.09636514007296272,0.43255174594710155
228,1.477999999999975,0.08053787968573807,0.44288037791879314
229,1.4789999999999748,0.07981603305739068,0.45454080347330705
230,1.4799999999999747,0.08673697459106817,0.4556325095852265
231,1.4809999999999746,0.09290733753537818,0.45591951651798585
232,1.4819999999999744,0.08038590786106904,0.46925973281638744
233,1.4829999999999743,0.08369528210543091,0.48463042398630934
234,1.4839999999999742,0.08141857485034434,0.4804476507657048
235,1.4849999999999741,0.09111391720569201,0.5098726327526132
236,1.485999999999974,0.08205280471153659,0.4977221917970671
237,1.486999999999974,0.07451600757275703,0.5083030538353622
238,1.4879999999999738,0.08617385102893271,0.5305123154230658
239,1.4889999999999737,0.08374887648049413,0.5273951350564096
240,1.4899999999999736,0.08662721468253487,0.5435740899956568
241,1.4909999999999735,0.07132231488727955,0.5455410022110879
242,1.4919999999999733,0.08321161289959818,0.5632236831881887
243,1.4929999999999732,0.08165655208708028,0.5669400108209639
244,1.4939999999999731,0.09007173522786771,0.5855512280738601
245,1.494999999999973,0.07865862966529759,0.6082223809546367
246,1.495999999999973,0.07440077161426525,0.6074898277582115
247,1.4969999999999728,0.07788811615750316,0.6294689922411825
248,1.4979999999999727,0.07785737658601487,0.6315323008769265
249,1.4989999999999726,0.1249600147606951,0.6567820873216406
250,1.4999999999999725,0.1136290132514017,0.7250963515106806
251,1.5009999999999724,0.07540270292865926,0.6832627478855186
252,1.5019999999999722,0.07427306261281588,0.7135397508847245
253,1.5029999999999721,0.08704550058951023,0.713734137310127
254,1.503999999999972,0.09236789532312537,0.7470241739882386
255,1.504999999999972,0.06970318458186942,0.7438610939709499
256,1.5059999999999718,0.08506771478356677,0.7810761986875446
257,1.5069999999999717,0.08487044767102031,0.8141405523790346
258,1.5079999999999716,0.08871837090549065,0.8209594882975467
259,1.5089999999999715,0.07845680516056035,0.8188806098681659
260,1.5099999999999714,0.07088567931492205,0.8627339765151442
261,1.5109999999999713,0.08637061578784148,0.8991293298725356
262,1.5119999999999711,0.07059930257918651,0.9057461555119811
263,1.512999999999971,0.08138571500303603,0.9590815483141729
264,1.513999999999971,0.08258874515002683,0.9595484160547735
265,1.5149999999999708,0.08320476325646817,1.007091135439077
266,1.5159999999999707,0.08869908154595406,1.0101475508176132
267,1.5169999999999706,0.07601078777519266,1.0656930380724299
268,1.5179999999999705,0.08478076379597897,1.1245396565970185
269,1.5189999999999704,0.0895047003367456,1.1278223946045867
270,1.5199999999999703,0.08908850992478759,1.2427989221167381
271,1.5209999999999702,0.07865230578500967,1.27483133667202
272,1.52199999999997,0.09441097978385224,1.4222714728454742
273,1.52299999999997,0.08003412845569619,1.2783453406234346
274,1.5239999999999698,0.07537588195316107,1.3632989863387681
275,1.5249999999999697,0.07471696546006353,1.4567362872747238
276,1.5259999999999696,0.09326779704228406,1.4564320541210136
277,1.5269999999999695,0.08458902954111987,1.556483884603834
278,1.5279999999999694,0.07006580991652182,1.55664347193983
279,1.5289999999999693,0.07366505227229028,1.6608293154963023
280,1.5299999999999692,0.0764316198059531,1.663791460771247
281,1.530999999999969,0.0839609217198965,1.8108960759421673
282,1.531999999999969,0.07300316781768802,1.7778654866107795
283,1.5329999999999688,0.09568568855588828,1.9953890452302254
284,1.5339999999999687,0.07044574906764788,1.9842786854963854
285,1.5349999999999686,0.08370764713204787,1.9778800234183629
286,1.5359999999999685,0.08000432677432329,2.064742879215089
287,1.5369999999999684,0.07830079434064494,2.065174740762022
288,1.5379999999999683,0.07333042316682979,2.141610377684319
289,1.5389999999999682,0.07764426119630985,2.1442289061699418
290,1.539999999999968,0.07843884007313016,2.176117241892098
291,1.540999999999968,0.08156258798876596,2.1533175169489938
292,1.5419999999999678,0.06890357525733454,2.154211204712391
293,1.5429999999999677,0.06339885502551341,2.130171811700616
294,1.5439999999999676,0.08692456717723611,2.120313125178718
295,1.5449999999999675,0.07132371332255563,2.05783091555137
296,1.5459999999999674,0.06094519942208951,2.0610432731674284
297,1.5469999999999673,0.0759576510568289,1.9718152925091326
298,1.5479999999999672,0.06932296880177527,1.9716034783537288
299,1.548999999999967,0.07628464446339492,1.864676550605104
300,1.549999999999967,0.07522830758114239,1.7618019525012822
301,1.5509999999999668,0.07583340101674249,1.7625136874785434
302,1.5519999999999667,0.07278810127871603,1.658999244244513
303,1.5529999999999666,0.07756414186125948,1.6602870885403451
304,1.5539999999999665,0.06924496911207734,1.555057547908791
305,1.5549999999999664,0.07265679116391309,1.5561630196875844
306,1.5559999999999663,0.07532432657915239,1.4682161976086563
307,1.5569999999999662,0.0902358181994807,1.4384534328590886
308,1.557999999999966,0.06796437637060869,1.3750447494845313
309,1.558999999999966,0.07279571754274525,1.3000928545138244
310,1.5599999999999659,0.0687150432510726,1.2940768851919617
311,1.5609999999999657,0.06642301717480689,1.220236513133782
312,1.5619999999999656,0.0737801205892034,1.2331839562225975
313,1.5629999999999655,0.07900067918910833,1.1571366027104006
314,1.5639999999999654,0.0491289956261313,1.1589264131581138
315,1.5649999999999653,0.10770192406426338,1.1126910140187813
316,1.5659999999999652,0.07579111302016554,1.05214141019975
317,1.566999999999965,0.06906986040423287,1.049390653780548
318,1.567999999999965,0.0621150385952011,0.9822594560748645
319,1.5689999999999649,0.07630374485902622,0.9906175120159628
320,1.5699999999999648,0.08387424986063839,0.9497712748230389
321,1.5709999999999646,0.06567297619290378,0.9493006469452366
322,1.5719999999999645,0.0693045611633664,0.9039185478346978
323,1.5729999999999644,0.07961375842019676,0.867675243850707
324,1.5739999999999643,0.08320438962335275,0.8663469237483808
325,1.5749999999999642,0.08304895282281032,0.8320897060284169
326,1.575999999999964,0.07963544365923354,0.8314947966609829
327,1.576999999999964,0.07549031576711727,0.7992813798094992
328,1.5779999999999639,0.06615687679671552,0.7991191941823058
329,1.5789999999999638,0.07602433450691581,0.7723729552736187
330,1.5799999999999637,0.09735923133645757,0.7375525344276022
331,1.5809999999999635,0.13407202820039246,0.7445410523860166
332,1.5819999999999634,0.05699393332346725,0.7130065414265725
333,1.5829999999999633,0.06989431453331278,0.7162139044079787
334,1.5839999999999632,0.07159928748665821,0.6931722850982776
335,1.584999999999963,0.06729113727950949,0.6692723301509033
336,1.585999999999963,0.0808127123934088,0.6703446693480821
337,1.5869999999999629,0.12751794811646683,0.8286183356765341
338,1.5879999999999628,0.06964910405115395,0.6433348003574322
339,1.5889999999999627,0.06699171612185013,0.6447437954570324
340,1.5899999999999626,0.0653449558364953,0.6306979179375861
341,1.5909999999999624,0.07276487387042624,0.6075549213552857
342,1.5919999999999623,0.07149212418118302,0.6119856165248425
343,1.5929999999999622,0.07100837136284735,0.5890194617154098
344,1.5939999999999621,0.0763623065779068,0.5886632763896744
345,1.594999999999962,0.07185053448660346,0.5771512041051442
346,1.595999999999962,0.0628058570175219,0.5572215174169937
347,1.5969999999999618,0.06756939355264784,0.5611673624494432
348,1.5979999999999617,0.09711358327217282,0.5951645431103866
349,1.5989999999999616,0.06460664020983586,0.5438282507360045
350,1.5999999999999615,0.07104936748122942,0.5435697611226505
351,1.6009999999999613,0.07605922113730136,0.5313052044738695
352,1.6019999999999612,0.07362579412846638,0.5182231208660549
353,1.6029999999999611,0.0684890654423934,0.5179060031091322
354,1.603999999999961,0.07015744735787922,0.5053216896171102
355,1.604999999999961,0.06847325236087372,0.4917754358484438
356,1.6059999999999608,0.1029875881969524,0.4957084132229498
357,1.6069999999999607,0.05668143639104148,0.48266083349825895
358,1.6079999999999606,0.08131675371406093,0.4820425579680408
359,1.6089999999999605,0.10803796382956996,0.47042951990524856
360,1.6099999999999604,0.07016911514564751,0.46204256936954063
361,1.6109999999999602,0.13675394202020985,0.6324389174211229
362,1.6119999999999601,0.0759774303722212,0.4528160837839147
363,1.61299999999996,0.08559960873183226,0.45313423694085325
364,1.61399999999996,0.0826555795586072,0.4435587170462983
365,1.6149999999999598,0.06561573196750477,0.43916932138429415
366,1.6159999999999597,0.07158191761742425,0.43367480607054704
367,1.6169999999999596,0.07342151452692228,0.4319987566727128
368,1.6179999999999595,0.09163050669240724,0.4265156687088138
369,1.6189999999999594,0.07530532178608994,0.42564333682699
370,1.6199999999999593,0.08609348456833116,0.42178240078700735
371,1.6209999999999591,0.07050509783245591,0.40631495233066994
372,1.621999999999959,0.06639680230456493,0.40709935332057
373,1.622999999999959,0.06354695333016493,0.4003023333898095
374,1.6239999999999588,0.07508877568738245,0.40106641645537594
375,1.6249999999999587,0.0630191635101887,0.3921799088102882
376,1.6259999999999586,0.05221854457317514,0.39081549735088195
377,1.6269999999999585,0.08212393975432637,0.385266869574663
378,1.6279999999999584,0.06607106199333967,0.3785486755597228
379,1.6289999999999583,0.08122596878045779,0.3800822325324549
380,1.6299999999999581,0.055962959566376515,0.37309296328280495
381,1.630999999999958,0.055216749033329744,0.3646084354499599
382,1.631999999999958,0.08522410538740009,0.3678035610502647
383,1.6329999999999578,0.06890630108872484,0.3584690684089532
384,1.6339999999999577,0.06991204810971298,0.3626141210274559
385,1.6349999999999576,0.08976783838949057,0.3572416494738039
386,1.6359999999999575,0.07024549861157546,0.35691778090926807
387,1.6369999999999574,0.07092464607802197,0.3514033521314846
388,1.6379999999999573,0.08481925716902007,0.3527921080413634
389,1.6389999999999572,0.08691014103553717,0.3484612993821006
390,1.639999999999957,0.12020585168349218,0.39009336213127777
391,1.640999999999957,0.05651830648729319,0.3400852441871533
392,1.6419999999999568,0.06514769682495188,0.336768057552914
393,1.6429999999999567,0.07294707676576073,0.3330417203874941
394,1.6439999999999566,0.07473887561811067,0.3285149391298465
395,1.6449999999999565,0.06327565606152839,0.3295005602669423
396,1.6459999999999564,0.07046560494569407,0.3252498811506065
397,1.6469999999999563,0.07677395735352717,0.3271058547757205
398,1.6479999999999562,0.07093536594603601,0.32126148610425953
399,1.648999999999956,0.13532762744234383,0.4123367866450196
400,1.649999999999956,0.06342306171320071,0.3161945895203611
401,1.6509999999999558,0.09870173014571752,0.41353449549612625
402,1.6519999999999557,0.06416231848413036,0.3135072725289718
403,1.6529999999999556,0.07574016523526032,0.3087795467422454
404,1.6539999999999555,0.0664937885577916,0.30897209311059853
405,1.6549999999999554,0.061394131964219605,0.30503141562717384
406,1.6559999999999553,0.06355345545143243,0.30422188636403596
407,1.6569999999999552,0.06703665658479056,0.29953377298693173
408,1.657999999999955,0.08227011907897316,0.30192070303435253
409,1.658999999999955,0.07384231518871064,0.2978593193653566
410,1.6599999999999548,0.07740700128324637,0.29727629768933134
411,1.6609999999999547,0.072907591918995,0.2946726756549486
412,1.6619999999999546,0.08888763366033146,0.2997586278247448
413,1.6629999999999545,0.07342410791589349,0.2848411223843276
414,1.6639999999999544,0.08025030758658998,0.2862794832469248
415,1.6649999999999543,0.058204901748614604,0.28221217109120345
416,1.6659999999999542,0.06674509920140793,0.28336849329123676
417,1.666999999999954,0.07440557667578272,0.27898721556215245
418,1.667999999999954,0.07734501026950727,0.27809845979579956
419,1.6689999999999539,0.0780709223180009,0.27608421004144734
420,1.6699999999999537,0.0732087032419295,0.27506400066239967
421,1.6709999999999536,0.06528040010072148,0.2742767062850124
422,1.6719999999999535,0.04697238526105091,0.27304128904583513
423,1.6729999999999534,0.056506020666146746,0.27090903946951544
424,1.6739999999999533,0.0678208057907849,0.2678008732766643
425,1.6749999999999532,0.06421625932693364,0.26816054767787284
426,1.675999999999953,0.07019347832018387,0.26675319671476455
427,1.676999999999953,0.06825467289875334,0.264689550765473
428,1.6779999999999529,0.06398872611047694,0.2606573422621388
429,1.6789999999999528,0.06022682935592679,0.2591398239958325
430,1.6799999999999526,0.06611441435005792,0.2592312903510743
431,1.6809999999999525,0.0678241671915434,0.2591718228937608
432,1.6819999999999524,0.06596367576968787,0.2572232041288253
433,1.6829999999999523,0.08179761256323985,0.25466379138224843
434,1.6839999999999522,0.061485484408379136,0.25496876786154926
435,1.684999999999952,0.06723268912367227,0.25066638275178765
436,1.685999999999952,0.07028141071036967,0.25426124998465516
437,1.6869999999999519,0.06134493131898384,0.24984513120993554
438,1.6879999999999518,0.11418378026082993,0.30656342907234474
439,1.6889999999999517,0.06717399728002402,0.24807009429699445
440,1.6899999999999515,0.057326263999666095,0.2450069837747388
441,1.6909999999999514,0.06664068464588983,0.24143488412827058
442,1.6919999999999513,0.06135793712661435,0.2438588175036363
443,1.6929999999999512,0.06406058938876984,0.24309541713443242
444,1.693999999999951,0.07415390318129289,0.24304375185219576
445,1.694999999999951,0.08512087113139538,0.23864169922023118
446,1.6959999999999509,0.05786188072722354,0.23749153959978278
447,1.6969999999999508,0.07485814211862123,0.23806346051853086
448,1.6979999999999507,0.06623974498423903,0.2335518573629806
449,1.6989999999999505,0.07399050060159999,0.23465869188847896
450,1.6999999999999504,0.07161231212371393,0.23404829310041136
451,1.7009999999999503,0.08116258553412667,0.23487835605753377
452,1.7019999999999502,0.06979203166733675,0.23061382879645245
453,1.70299999999995,0.06656574957276941,0.2307780535356855
454,1.70399999999995,0.061063257629851236,0.22790836439740603
455,1.7049999999999499,0.07548799927661667,0.22970388267873373
456,1.7059999999999498,0.07466977786852473,0.22750295810419272
457,1.7069999999999497,0.06306907083384762,0.22457531151458487
458,1.7079999999999496,0.06739546665498443,0.22536922239014293
459,1.7089999999999494,0.07410964310732597,0.2237453860783169
460,1.7099999999999493,0.05123186683634196,0.22301434381452193
461,1.7109999999999492,0.07355329095394411,0.2230448331081412
462,1.7119999999999491,0.0728401180220604,0.22312661887585686
463,1.712999999999949,0.054868456562013355,0.2185446304583995
464,1.713999999999949,0.07253781596638123,0.22097525353594538
465,1.7149999999999488,0.07936255680256277,0.22023768741493757
466,1.7159999999999487,0.07663237167663173,0.21948360468892755
467,1.7169999999999486,0.08085750054414773,0.220396833254311
468,1.7179999999999485,0.06652136723649196,0.21465578562858198
469,1.7189999999999483,0.06600215318672899,0.21536075860128334
470,1.7199999999999482,0.060667071832996085,0.2134508529581926
471,1.7209999999999481,0.07036332411555964,0.21298316171880102
472,1.721999999999948,0.04780121905882141,0.21029980894954217
473,1.722999999999948,0.07124710405820002,0.21315941994832602
474,1.7239999999999478,0.06459306525246696,0.21110645471427877
475,1.7249999999999477,0.06227615440457701,0.20872445402446915
476,1.7259999999999476,0.06808289621527779,0.20748104478146118
477,1.7269999999999475,0.06289952503849958,0.2075998170748649
478,1.7279999999999474,0.06918770346764999,0.20777247881658925
479,1.7289999999999472,0.07114514563643741,0.20780375781492255
480,1.7299999999999471,0.06866020327625405,0.20681565182353515
481,1.730999999999947,0.06680211248975786,0.2046729166223165
482,1.731999999999947,0.06823969766561336,0.20490765309746797
483,1.7329999999999468,0.059326241404143214,0.20138113608251235
484,1.7339999999999467,0.08528208556520059,0.20337971175328678
485,1.7349999999999466,0.07223016007984637,0.20106352962507074
486,1.7359999999999465,0.061016762323316834,0.20111443396794848
487,1.7369999999999464,0.05369778459432939,0.19841681222896604
488,1.7379999999999463,0.0622181999435047,0.2005982402134371
489,1.7389999999999461,0.06848950043968248,0.19831115542077646
490,1.739999999999946,0.04346691035195523,0.19575912551431865
491,1.740999999999946,0.05953175878007578,0.1957434046993637
492,1.7419999999999458,0.054246019583712134,0.1953053817947823
493,1.7429999999999457,0.061758982672945655,0.19610415582878585
494,1.7439999999999456,0.06823787535975441,0.19659905175156464
495,1.7449999999999455,0.06797464839269592,0.19594214865629245
496,1.7459999999999454,0.05334450418842037,0.19441463918785093
497,1.7469999999999453,0.07201922423718554,0.19582376947435542
498,1.7479999999999452,0.06564535680790085,0.1945325104148408
499,1.748999999999945,0.05411002620338092,0.19195028663045707
500,1.749999999999945,0.06351479983569633,0.19152567806549387
501,1.7509999999999448,0.060512310960394486,0.19103676631654523
502,1.7519999999999447,0.07039498082338584,0.19190730224383654
503,1.7529999999999446,0.06776136168916269,0.19063165027843718
504,1.7539999999999445,0.06940939131764334,0.18993529081081703
505,1.7549999999999444,0.0572804892321177,0.18806669380362975
506,1.7559999999999443,0.07387584764132564,0.18886523726986099
507,1.7569999999999442,0.06384984917032965,0.18865021249554287
508,1.757999999999944,0.06627556046264986,0.18827451883770527
509,1.758999999999944,0.054071351111903684,0.18645296803257824
510,1.7599999999999438,0.06481162220752168,0.18631785767471523
511,1.7609999999999437,0.058404850623936716,0.18534192491838195
512,1.7619999999999436,0.05891890416100102,0.18427914667239673
513,1.7629999999999435,0.07246604751298596,0.18662326846667757
514,1.7639999999999434,0.06679342493826176,0.18588932665468375
515,1.7649999999999433,0.06225616257004468,0.18268325969259702
516,1.7659999999999432,0.07052528597366974,0.1864126016027647
517,1.766999999999943,0.06520098140062221,0.18247839717844366
518,1.767999999999943,0.06112109920193741,0.18343966502547368
519,1.7689999999999428,0.06524020646673052,0.18128291758990395
520,1.7699999999999427,0.06052660854758325,0.1809576967967738
521,1.7709999999999426,0.0655137882283623,0.18124202881046036
522,1.7719999999999425,0.0591197685847681,0.18131436422255148
523,1.7729999999999424,0.07744088032268984,0.18206462859305025
524,1.7739999999999423,0.08336924796419576,0.18316012410940008
525,1.7749999999999422,0.07255724215511923,0.18102602301866957
526,1.775999999999942,0.06973112864177393,0.1797898432467089
527,1.776999999999942,0.07570444716431125,0.17972545212701876
528,1.7779999999999418,0.06775440307282088,0.1792033588894079
529,1.7789999999999417,0.06171282262916602,0.1776652750965667
530,1.7799999999999416,0.07132494828155923,0.17737833618152005
531,1.7809999999999415,0.0657089428903832,0.1773000466903036
532,1.7819999999999414,0.10108682198477187,0.19515828814314037
533,1.7829999999999413,0.05822842021660629,0.1758336028784321
534,1.7839999999999412,0.06053506137038146,0.17649088407307922
535,1.784999999999941,0.07272398986276682,0.17702519355178237
536,1.785999999999941,0.06737747444661243,0.17396894413761052
537,1.7869999999999409,0.07183971677807958,0.17435355489590865
538,1.7879999999999407,0.07123435814419897,0.17450064693905923
539,1.7889999999999406,0.06153339383439143,0.17411400948076042
540,1.7899999999999405,0.06002017420415365,0.17432531234077736
541,1.7909999999999404,0.06982340939463448,0.17212588874064252
542,1.7919999999999403,0.05931377284563971,0.17094629328266148
543,1.7929999999999402,0.06203691294968268,0.17142452213386472
544,1.79399999999994,0.07150016835915214,0.17195596948944977
545,1.79499999999994,0.07838399468515314,0.173634091396348
546,1.7959999999999399,0.05596955585918504,0.17018529543361005
547,1.7969999999999398,0.057041368716838674,0.17080723122111552
548,1.7979999999999396,0.05257810976032797,0.16855884991543843
549,1.7989999999999395,0.06058633080277396,0.17015054310049088
550,1.7999999999999394,0.06611666742490273,0.1698881333625425
551,1.8009999999999393,0.052065142257868194,0.16771302634772473
552,1.8019999999999392,0.06476563782353707,0.16842504836276623
553,1.802999999999939,0.056675402915895366,0.16725449300879036
554,1.803999999999939,0.06727329046151538,0.1692430919897302
555,1.8049999999999389,0.07367602392573447,0.1688073992651417
556,1.8059999999999388,0.07314258742344933,0.17095005280986827
557,1.8069999999999387,0.06886372821162383,0.16802001997101018
558,1.8079999999999385,0.05284819419499341,0.16564101908818898
559,1.8089999999999384,0.06612763782272917,0.16688843008334728
560,1.8099999999999383,0.0634106428961035,0.16580356224531917
561,1.8109999999999382,0.06149970318705548,0.16458524032741179
562,1.811999999999938,0.07802064974099139,0.1683094177238692
563,1.812999999999938,0.07474982828882594,0.16726010954988446
564,1.8139999999999379,0.062392690750876535,0.16538361377249755
565,1.8149999999999378,0.07581686451992864,0.1670404125480561
566,1.8159999999999377,0.055121328989025886,0.1625226439384336
567,1.8169999999999376,0.07520728062519746,0.1647339755146395
568,1.8179999999999374,0.045387465426632564,0.16152427311412051
569,1.8189999999999373,0.06565504464366026,0.1640246055085742
570,1.8199999999999372,0.057808127839153074,0.16256510864267631
571,1.8209999999999371,0.07978806562693845,0.16488174352660054
572,1.821999999999937,0.055436825565852825,0.1623116386142348
573,1.822999999999937,0.05751609334545763,0.1624049809915007
574,1.8239999999999368,0.07357167433775598,0.16484125120908663
575,1.8249999999999367,0.06028154126910136,0.16244911956894764
576,1.8259999999999366,0.07080713264400504,0.16144467607432916
577,1.8269999999999365,0.06839517376241974,0.1614835727958113
578,1.8279999999999363,0.0606177084438967,0.1606895615675267
579,1.8289999999999362,0.07359341503601091,0.16423690509779834
580,1.8299999999999361,0.07091797958495445,0.16091511922906374
581,1.830999999999936,0.05508653850701831,0.15860600946082995
582,1.831999999999936,0.057234632591213926,0.16078339434068628
583,1.8329999999999358,0.0768845582215247,0.1634503633081787
584,1.8339999999999357,0.06362517923577052,0.15962425730000784
585,1.8349999999999356,0.06918423980953728,0.16000153047156296
586,1.8359999999999355,0.07234711672484952,0.16128284954809635
587,1.8369999999999354,0.06200449867214953,0.1601522734153075
588,1.8379999999999352,0.07754931071115248,0.160476347853469
589,1.8389999999999351,0.08829064015531206,0.16243153896669899
590,1.839999999999935,0.058880307826214145,0.15748408384426643
591,1.840999999999935,0.12631850347006035,0.18284943917017446
592,1.8419999999999348,0.05908042648014637,0.15921678744439033
593,1.8429999999999347,0.07087471433933301,0.15983484617988616
594,1.8439999999999346,0.06475969745959209,0.15767860681136012
595,1.8449999999999345,0.06392219280747188,0.15671240801648814
596,1.8459999999999344,0.06305960195785615,0.15691984468229486
597,1.8469999999999342,0.05616517023245449,0.15617989732401016
598,1.8479999999999341,0.07663796643336511,0.1586343306477161
599,1.848999999999934,0.07371028224353528,0.15825449409179207
600,1.849999999999934,0.06564478456921961,0.15757707073399901
601,1.8509999999999338,0.06855966905215058,0.15780522976228217
602,1.8519999999999337,0.0709642850730817,0.15755081294823173
603,1.8529999999999336,0.06728389901134904,0.15667467553297212
604,1.8539999999999335,0.07618609532869422,0.1537453945966072
605,1.8549999999999334,0.10889939981000757,0.16229362795752317
606,1.8559999999999333,0.08738281167014263,0.1605420915018107
607,1.8569999999999331,0.06890329326862218,0.1563526328846694
608,1.857999999999933,0.06029099526932718,0.15373568547152391
609,1.858999999999933,0.06885844237433464,0.1538764751904071
610,1.8599999999999328,0.06320644580690102,0.15533581984814435
611,1.8609999999999327,0.0649565394206116,0.15537512004737963
612,1.8619999999999326,0.06024334490477341,0.1525869704615603
613,1.8629999999999325,0.08662446329539651,0.15869235409169835
614,1.8639999999999324,0.06829330104281216,0.15388392725386532
615,1.8649999999999323,0.15026615062673757,0.1930914861356573
616,1.8659999999999322,0.07557052545019656,0.15492341058379927
617,1.866999999999932,0.07805955614635636,0.15491175949754338
618,1.867999999999932,0.6329648910417186,0.35154747811510395
619,1.8689999999999318,0.12930262031022396,0.17090578216328065
620,1.8699999999999317,0.051880885197093066,0.15126697166724318
621,1.8709999999999316,0.05946418147057337,0.15164875932110838
622,1.8719999999999315,0.0815597133944387,0.15511979148595104
623,1.8729999999999314,0.08103277702672713,0.15517451148759578
624,1.8739999999999313,0.06943601718596291,0.15136694526131406
625,1.8749999999999312,0.072426711772771,0.1530596379436366
626,1.875999999999931,0.1014108699477955,0.15576458204395766
627,1.876999999999931,0.06857296879237967,0.1521281918659763
628,1.8779999999999308,0.07464271088907133,0.15333728483217735
629,1.8789999999999307,0.07795004084205732,0.15493123045536833
630,1.8799999999999306,0.06953826487994709,0.15151027821941834
631,1.8809999999999305,0.07996908786927998,0.15228592022149318
632,1.8819999999999304,0.08412018617375144,0.1521643694188827
633,1.8829999999999303,0.08110883133231173,0.15247877233967788
634,1.8839999999999302,0.07338528571387093,0.15085238893394728
635,1.88499999999993,0.08184232071618157,0.1525349834398628
636,1.88599999999993,0.0752743534780528,0.15260713709872475
637,1.8869999999999298,0.07190685040709542,0.15219672434969558
638,1.8879999999999297,0.07514138909047582,0.15012645108135128
639,1.8889999999999296,0.07183683178068513,0.1504830039285852
640,1.8899999999999295,0.08225555378057406,0.1527822243357238
641,1.8909999999999294,0.08124185071186345,0.15190767023067972
642,1.8919999999999293,0.07501456107247505,0.15163977898207165
643,1.8929999999999292,0.08791578659899951,0.15381286956322307
644,1.893999999999929,0.082757569112599,0.15118385981398488
645,1.894999999999929,0.08133285681284928,0.1520345399353806
646,1.8959999999999289,0.08713758077049112,0.15072456716134203
647,1.8969999999999287,0.08082841911418133,0.14976542435318216
648,1.8979999999999286,0.09306209255188526,0.15118146003045388
649,1.8989999999999285,0.08430015722047399,0.1510886534628303
650,1.8999999999999284,0.09625264617481703,0.15086191429973234
651,1.9009999999999283,0.08270784298984003,0.15039536653261718
652,1.9019999999999282,0.09241959998028974,0.1514316894860166
653,1.902999999999928,0.08317299844958609,0.14958584458139507
654,1.903999999999928,0.07873166328307696,0.146438342456461
655,1.9049999999999279,0.08730932955985465,0.14932315088083062
656,1.9059999999999278,0.08914670843607554,0.15030549702501755
657,1.9069999999999276,0.09236221558043149,0.15256814303092348
658,1.9079999999999275,0.08057655127036124,0.1473825561362248
659,1.9089999999999274,0.09448360004350105,0.15039653823895627
660,1.9099999999999273,0.09238184777608206,0.15035721216432774
661,1.9109999999999272,0.09208354937155928,0.14897154579430918
662,1.911999999999927,0.0945860922893556,0.14887596908023928
663,1.912999999999927,0.09320522307274282,0.14862182902264037
664,1.9139999999999269,0.09258297766894139,0.14888982432725034
665,1.9149999999999268,0.09161262230142066,0.14730890774330146
666,1.9159999999999267,0.09674848053506523,0.1495091129323763
667,1.9169999999999265,0.09619562275336573,0.14807008526164087
668,1.9179999999999264,0.09289986421542333,0.14822349515286434
669,1.9189999999999263,0.10960349422045101,0.15197718884771158
670,1.9199999999999262,0.10579957601162546,0.14985996689953368
671,1.920999999999926,0.1032074106105131,0.149615015846205
672,1.921999999999926,0.10277939520707688,0.148630119925393
673,1.9229999999999259,0.11002548341618608,0.1493198794707963
674,1.9239999999999258,0.11472860540837464,0.1499446767149519
675,1.9249999999999257,0.10440840948360734,0.1489502518973311
676,1.9259999999999255,0.10659455658745962,0.14901961114366336
677,1.9269999999999254,0.11986237311639449,0.1501727058690229
678,1.9279999999999253,0.1134481732546267,0.14822596905081473
679,1.9289999999999252,0.11506880037117169,0.14981770646427287
680,1.929999999999925,0.12094252307844239,0.15015317013719406
681,1.930999999999925,0.11973106300436144,0.15104907009266882
682,1.9319999999999249,0.12071121609584354,0.14965923826730668
683,1.9329999999999248,0.1208632407493009,0.14899324538869427
684,1.9339999999999247,0.1216734888558327,0.14955070678849672
685,1.9349999999999246,0.12190285308504027,0.1492721104556945
686,1.9359999999999244,0.11853337281160421,0.14682241367636545
687,1.9369999999999243,0.11890540100913018,0.1471880269964947
688,1.9379999999999242,0.13027017954567258,0.14855897399219548
689,1.9389999999999241,0.13302652268669504,0.14727959643439073
690,1.939999999999924,0.14165852026285505,0.1498650249006875
691,1.940999999999924,0.15795809855329196,0.1531581029819871
692,1.9419999999999238,0.13868778675528112,0.15011441041769338
693,1.9429999999999237,0.16781251728180396,0.15442543788106758
694,1.9439999999999236,0.14047366247718313,0.14771567298745214
695,1.9449999999999235,0.14566526179323808,0.1510127540562711
696,1.9459999999999233,0.15981735843061182,0.15095343538342315
697,1.9469999999999232,0.15279577326566351,0.15044972926271655
698,1.9479999999999231,0.15125852198009654,0.1468682974520348
699,1.948999999999923,0.15416190891108097,0.14921744895013897
700,1.949999999999923,0.15647299650986474,0.14831755289237625
701,1.9509999999999228,0.1680194345163402,0.1507010791358692
702,1.9519999999999227,0.20141032376236978,0.14541604840793076
703,1.9529999999999226,0.17214314309423004,0.14965681403609907
704,1.9539999999999225,0.17303339586504693,0.15033000359959076
705,1.9549999999999224,0.1797354113082211,0.15002021823717201
706,1.9559999999999222,0.17874389883933203,0.1488548704234039
707,1.9569999999999221,0.18493545629316638,0.15015911568858434
708,1.957999999999922,0.1840694976306387,0.14909666423654067
709,1.958999999999922,0.19690246347942292,0.15182576254604224
710,1.9599999999999218,0.2033572737969933,0.15182338144317975
711,1.9609999999999217,0.1969860788325727,0.14763911906831895
712,1.9619999999999216,0.2093893587195041,0.14878616591280464
713,1.9629999999999215,0.20654267399523096,0.14878609624316633
714,1.9639999999999214,0.21831515778216695,0.14967454464908306
715,1.9649999999999213,0.26343346607022017,0.147840837612115
716,1.9659999999999211,0.22990150418698038,0.150624769372237
717,1.966999999999921,0.39088559771413356,0.17424668475112404
718,1.967999999999921,0.251527963748222,0.15557786856467737
719,1.9689999999999208,0.23662663808662346,0.14889341847405138
720,1.9699999999999207,0.24949964655247334,0.14956072224712594
721,1.9709999999999206,0.26164529188561697,0.1484806993986378
722,1.9719999999999205,0.26390592628908804,0.14809584543150472
723,1.9729999999999204,0.28485735218403485,0.15206889930652376
724,1.9739999999999203,0.2932734474174269,0.1515979035861661
725,1.9749999999999202,0.30516521446596173,0.15551969125406215
726,1.97599999999992,0.31725036615145347,0.1505473709001517
727,1.97699999999992,0.30877068325284124,0.14768924114536439
728,1.9779999999999198,0.3329105492208776,0.14804781275260628
729,1.9789999999999197,0.33344745414824467,0.15184075666199873
730,1.9799999999999196,0.35407637925619173,0.15112171885472062
731,1.9809999999999195,0.3848184559762462,0.1536431230138454
732,1.9819999999999194,0.37969252615405186,0.15124791995383907
733,1.9829999999999193,0.41692918830074077,0.1499320942837586
734,1.9839999999999192,0.4062790064402632,0.14870497865277346
735,1.984999999999919,0.43840732014430767,0.1509795274855572
736,1.985999999999919,0.4367602239820251,0.15037716083408958
737,1.9869999999999188,0.49067807234636107,0.15199123879663284
738,1.9879999999999187,0.5184191037062412,0.15205486505496807
739,1.9889999999999186,0.5113183878105286,0.15143917629183157
740,1.9899999999999185,0.5567138214890853,0.15127447519065026
741,1.9909999999999184,0.5614332793890024,0.15068917897329143
742,1.9919999999999183,0.6378915681907792,0.15108556607557763
743,1.9929999999999182,0.6221407573287235,0.1507027213533022
744,1.993999999999918,0.6474340546517389,0.1525909445613357
745,1.994999999999918,0.7726174311662635,0.15378376155479084
746,1.9959999999999178,0.8018602389867826,0.15286480622057733
747,1.9969999999999177,0.8711964474294367,0.15277522741289384
748,1.9979999999999176,0.8693913976932527,0.15202210490622184
749,1.9989999999999175,0.9981357420707958,0.1537110475000589
750,1.9999999999999174,1.3360579745056942,0.15539570864941468
751,2.0009999999999173,1.1390716651269097,0.15470271071100888
752,2.001999999999917,1.4841604111317672,0.1592138576735037
753,2.002999999999917,1.3145544142925605,0.15548243601751605
754,2.003999999999917,1.408826441972265,0.16495094727573942
755,2.004999999999917,1.5073059697438904,0.15645555160853095
756,2.0059999999999167,1.678669191861432,0.1549521038159635
757,2.0069999999999166,1.6892439631380323,0.1567903745826351
758,2.0079999999999165,1.7589151558133018,0.15831831224603032
759,2.0089999999999164,1.7714540330742108,0.15336432316691576
760,2.0099999999999163,1.7388320927613192,0.1570001429104508
761,2.010999999999916,1.73435945301383,0.156751098564448
762,2.011999999999916,1.6202139793664174,0.15493685048293154
763,2.012999999999916,1.702841343488388,0.15495110871556975
764,2.013999999999916,1.4534286417513467,0.1532215068472076
765,2.0149999999999157,1.452111651488377,0.16313766167240154
766,2.0159999999999156,1.1080164948776323,0.15529114466542313
767,2.0169999999999155,1.119940409653244,0.15483144102022348
768,2.0179999999999154,0.9996352842271042,0.15513930315102792
769,2.0189999999999153,0.9993822734325708,0.15631934771658015
770,2.019999999999915,0.9011671088449484,0.16052330112474641
771,2.020999999999915,0.8979343019145989,0.1559550683630061
772,2.021999999999915,0.8098756999587168,0.15732893140455148
773,2.022999999999915,0.8093567196825117,0.15547216030108524
774,2.0239999999999148,1.1512228134017866,0.17040892185173484
775,2.0249999999999146,0.6707853986538087,0.1539471921032387
776,2.0259999999999145,0.6792598909967801,0.15607312734640413
777,2.0269999999999144,0.6556468428971807,0.15694603465754067
778,2.0279999999999143,0.6304714359859623,0.15855609402693666
779,2.028999999999914,0.5806890819054622,0.15565240768280297
780,2.029999999999914,0.5495321452267331,0.15920930014496285
781,2.030999999999914,0.5434540878924258,0.15774834209806907
782,2.031999999999914,0.5119626609928631,0.15718698871327663
783,2.0329999999999138,0.512098346600576,0.15851195860431727
784,2.0339999999999137,0.48763243797066774,0.15831728919738627
785,2.0349999999999135,0.4554879752709196,0.15584186709795655
786,2.0359999999999134,0.460025745686406,0.15872454570532057
787,2.0369999999999133,0.48869149874562057,0.18868921438959196
788,2.037999999999913,0.4399434019396513,0.16185916991405028
789,2.038999999999913,0.4397274245149101,0.1589639206443799
790,2.039999999999913,0.4189871542091336,0.16002827679910042
791,2.040999999999913,0.4049713476802007,0.16405667489105616
792,2.0419999999999128,0.3992986805963028,0.16139921112704328
793,2.0429999999999127,0.38597752264296065,0.1619845167150152
794,2.0439999999999126,0.36602573714975256,0.15831388444388692
795,2.0449999999999124,0.3678993958467515,0.16091337992598298
796,2.0459999999999123,0.3567474850435917,0.16351044979427762
797,2.0469999999999122,0.3564506293082929,0.16305177179281488
798,2.047999999999912,0.3429298528654825,0.16261419986253772
799,2.048999999999912,0.33252278644638344,0.16326130466951816
800,2.049999999999912,0.3316061029195661,0.1621507492380706
801,2.050999999999912,0.31579307976508464,0.16202512318593656
802,2.0519999999999117,0.3203752915192733,0.1620411806089226
803,2.0529999999999116,0.35147174289676825,0.16442160309866233
804,2.0539999999999115,0.31285572567475833,0.16448078334278657
805,2.0549999999999113,0.34719894940887985,0.17062387910614726
806,2.0559999999999112,0.2903069515268863,0.16241960476953946
807,2.056999999999911,0.2942967856483158,0.16296700543224624
808,2.057999999999911,0.28797549241485737,0.1665964317061514
809,2.058999999999911,0.2826410327454176,0.16316140032717819
810,2.059999999999911,0.28143608333112796,0.1664495631721212
811,2.0609999999999107,0.27828695991347685,0.16461106871459577
812,2.0619999999999106,0.2796848523806175,0.1648338307310071
813,2.0629999999999105,0.26343088457206554,0.1657154182597326
814,2.0639999999999104,0.2664981737479188,0.1666460848225108
815,2.0649999999999102,0.2590824508364675,0.1681142547091822
816,2.06599999999991,0.26063752807913965,0.16829652219818245
817,2.06699999999991,0.2516237328319007,0.16673843059767546
818,2.06799999999991,0.2555784087908451,0.16867165929541594
819,2.06899999999991,0.2522626198484788,0.17009189576882197
820,2.0699999999999097,0.25262322452022506,0.17127419065774246
821,2.0709999999999096,0.24163949997566056,0.16849885653128321
822,2.0719999999999095,0.23714884440032258,0.16873433271376848
823,2.0729999999999094,0.23775915975693762,0.16928430717359058
824,2.0739999999999092,0.23214807656003822,0.16862580692938187
825,2.074999999999909,0.23456391132223234,0.17069765500827985
826,2.075999999999909,0.23255388444025393,0.17197122019767103
827,2.076999999999909,0.22912147638353492,0.17069103568838523
828,2.077999999999909,0.22478106017326388,0.17121059280509576
829,2.0789999999999087,0.22176073142221614,0.17150627945278996
830,2.0799999999999086,0.22119168883175777,0.1721071283650195
831,2.0809999999999085,0.21720381370152161,0.17331915187138355
832,2.0819999999999084,0.22010770549568026,0.1746980431075241
833,2.0829999999999083,0.21321526258761167,0.17434113616749197
834,2.083999999999908,0.20740371243176398,0.17209080547577388
835,2.084999999999908,0.21075564191618484,0.1756438863520113
836,2.085999999999908,0.20568042416473356,0.17530462732608115
837,2.086999999999908,0.20821127774564277,0.1752903984368402
838,2.0879999999999077,0.3037096164348269,0.22645314040745007
839,2.0889999999999076,0.20552062486939607,0.17583584306898484
840,2.0899999999999075,0.25435369916520106,0.20646764228493805
841,2.0909999999999074,0.20181128998646117,0.17749225634556898
842,2.0919999999999073,0.20459883771504014,0.18093621423874098
843,2.092999999999907,0.193439756249773,0.17787699954216518
844,2.093999999999907,0.1989878724505136,0.1808813720233611
845,2.094999999999907,0.1987840434169557,0.18066616861034768
846,2.095999999999907,0.19599258050088927,0.18236664677325848
847,2.0969999999999067,0.19563255006659921,0.18030968497720776
848,2.0979999999999066,0.19275194730653677,0.18286497886780984
849,2.0989999999999065,0.19755904615822775,0.1836583280343441
850,2.0999999999999064,0.18977602884297104,0.1832894607989773
851,2.1009999999999063,0.18768190646356553,0.1824476838259869
852,2.101999999999906,0.18377700354551385,0.18461373993948327
853,2.102999999999906,0.18178483892995706,0.18372317445200223
854,2.103999999999906,0.17944073239411357,0.18298522692764127
855,2.104999999999906,0.17901524012352032,0.1836611500670827
856,2.1059999999999057,0.17671004680274566,0.1842447178786182
857,2.1069999999999056,0.1752548012491712,0.1852433598733082
858,2.1079999999999055,0.1780584807191839,0.18555241075105788
859,2.1089999999999054,0.1728705205740989,0.185821177896477
860,2.1099999999999053,0.17266937919474282,0.1859172064120454
861,2.110999999999905,0.17855610641403177,0.1889670970165184
862,2.111999999999905,0.18300623122588278,0.18943996963834733
863,2.112999999999905,0.17220333050720169,0.19074635012050417
864,2.113999999999905,0.1856564404048212,0.20348251389791963
865,2.1149999999999047,0.1740794232989931,0.19319297544381409
866,2.1159999999999046,0.16708433929763938,0.19031600544127292
867,2.1169999999999045,0.16962562454882074,0.19426248893797404
868,2.1179999999999044,0.17128317446772123,0.19663648362760983
869,2.1189999999999043,0.1686890665354151,0.19553103342026276
870,2.119999999999904,0.16693027125269017,0.19624599799666204
871,2.120999999999904,0.16797978027995578,0.19775116558825115
872,2.121999999999904,0.16918255346057137,0.19917144343358104
873,2.122999999999904,0.1611952397477411,0.196520744679993
874,2.1239999999999037,0.16636063577475663,0.2010372347398505
875,2.1249999999999036,0.1545414997263835,0.19594706854905253
876,2.1259999999999035,0.15660688236273934,0.19774855118404316
877,2.1269999999999034,0.1633626849535924,0.20403527712627345
878,2.1279999999999033,0.16345257716286762,0.20275016703231583
879,2.128999999999903,0.1569441511050555,0.20285070763379245
880,2.129999999999903,0.16862916111474607,0.20394718244851032
881,2.130999999999903,0.15663744160362097,0.20277463590489675
882,2.131999999999903,0.1599404353321341,0.20352453062475842
883,2.1329999999999028,0.1544941186475693,0.20561599554469098
884,2.1339999999999026,0.17060683873289575,0.2135572286224322
885,2.1349999999999025,0.15265986019380615,0.20732440915939876
886,2.1359999999999024,0.16372638028419875,0.21038247209898764
887,2.1369999999999023,0.15161089318992846,0.20721685983753863
888,2.137999999999902,0.15960447446617496,0.211896100562302
889,2.138999999999902,0.15578404854079164,0.21313936533764868
890,2.139999999999902,0.1529065176624121,0.2113177847354986
891,2.140999999999902,0.15349178806850777,0.21544973140626278
892,2.1419999999999018,0.14919848008575928,0.21363308783171156
893,2.1429999999999017,0.15466364941036626,0.2184480387996698
894,2.1439999999999015,0.16068541379526535,0.21913093198416767
895,2.1449999999999014,0.1504470757070382,0.22594801719445992
896,2.1459999999999013,0.1499915082695902,0.2211602171773565
897,2.146999999999901,0.1454436247170898,0.21946476562246692
898,2.147999999999901,0.14660398266743976,0.2223571135416722
899,2.148999999999901,0.14803591842067493,0.22316601124845326
900,2.149999999999901,0.1460379068047847,0.22440166264436182
901,2.1509999999999008,0.14745437163491518,0.22504712438226554
902,2.1519999999999007,0.15148035612400176,0.22795293303469147
903,2.1529999999999005,0.14605259451947192,0.2254168222735548
904,2.1539999999999004,0.15005276846558854,0.22775967860277502
905,2.1549999999999003,0.14749965825447428,0.22872483343597022
906,2.1559999999999,0.1444939234523704,0.2326474321983278
907,2.1569999999999,0.14126097346248997,0.23140702370115634
908,2.1579999999999,0.15013893938106504,0.23418734842297734
909,2.1589999999999,0.1460833576566263,0.237684033688968
910,2.1599999999998998,0.14787307654106563,0.23963537987166733
911,2.1609999999998997,0.1397121420823086,0.23828621221447077
912,2.1619999999998996,0.13496647908241285,0.23489909763058128
913,2.1629999999998994,0.13866308046854145,0.2400709753482324
914,2.1639999999998993,0.1413303900163718,0.24074152745968289
915,2.1649999999998992,0.15030859939272562,0.2476969983557963
916,2.165999999999899,0.13681606420031514,0.24778273215464752
917,2.166999999999899,0.14832394607004765,0.2505017478201553
918,2.167999999999899,0.14046425656023143,0.24980823939662603
919,2.168999999999899,0.14292534192302345,0.25002064669080903
920,2.1699999999998987,0.1374057668338078,0.2526739897224098
921,2.1709999999998986,0.1397133659070008,0.2531289492261989
922,2.1719999999998985,0.13514752852775141,0.2555228893328721
923,2.1729999999998983,0.1500865350633959,0.24525444809472735
924,2.1739999999998982,0.13959745365596235,0.25971364935337266
925,2.174999999999898,0.13418070466282112,0.26229004278384105
926,2.175999999999898,0.14038115281686211,0.26509163893781296
927,2.176999999999898,0.13472725241806818,0.2638521089215099
928,2.177999999999898,0.134569299650716,0.2656651287155838
929,2.1789999999998977,0.1372589939293052,0.2719168189032956
930,2.1799999999998976,0.1374814264591063,0.27226374622649313
931,2.1809999999998975,0.1379542979596788,0.2757846786938405
932,2.1819999999998974,0.14878326138983716,0.30721398012674755
933,2.1829999999998972,0.13731696349273612,0.2750264258281472
934,2.183999999999897,0.19988485345428977,0.3753958873681909
935,2.184999999999897,0.13715892373799135,0.280038700553087
936,2.185999999999897,0.14005730862400542,0.28934932441212224
937,2.186999999999897,0.13895661861416003,0.288036633109682
938,2.1879999999998967,0.14474628117174904,0.2905800333547527
939,2.1889999999998966,0.1325532219586536,0.29617846163096945
940,2.1899999999998965,0.13167149764146382,0.29694985761939285
941,2.1909999999998964,0.13273678235380715,0.3041368400320319
942,2.1919999999998963,0.13901105687475834,0.30070712935068306
943,2.192999999999896,0.14664667002457238,0.31443762137899106
944,2.193999999999896,0.14623985757993715,0.3067417415931985
945,2.194999999999896,0.14174203569300883,0.30706664184037735
946,2.195999999999896,0.13427296178042902,0.3170868494800103
947,2.1969999999998957,0.13778442979755295,0.31696636037215975
948,2.1979999999998956,0.13419248159130065,0.3227396349039848
949,2.1989999999998955,0.1293779825798206,0.32095671668412906
950,2.1999999999998954,0.13405061667587254,0.3265221648909108
951,2.2009999999998953,0.181470847350361,0.33730235187615276
952,2.201999999999895,0.13317795047285455,0.33330680256474443
953,2.202999999999895,0.13090808975424428,0.3361164203609132
954,2.203999999999895,0.12809314008220163,0.33712149725375784
955,2.204999999999895,0.12848514517498477,0.3473566014847151
956,2.2059999999998947,0.13570247707591546,0.3526650063013015
957,2.2069999999998946,0.1321254585630107,0.35971862385553605
958,2.2079999999998945,0.12583268535727782,0.35291475820693974
959,2.2089999999998944,0.13144666388361445,0.36123228856603157
960,2.2099999999998943,0.12577486047373887,0.36580710981096837
961,2.210999999999894,0.12725052134188877,0.3763936065278705
962,2.211999999999894,0.1251788355438897,0.3840959870940275
963,2.212999999999894,0.1289561901910329,0.38024553717326165
964,2.213999999999894,0.13166795605458623,0.3878266262453827
965,2.2149999999998937,0.12483439890249563,0.3928623032849724
966,2.2159999999998936,0.12395935051552835,0.4008280733531621
967,2.2169999999998935,0.12891459821804566,0.3966161036395623
968,2.2179999999998934,0.13859281395879783,0.41185719788345093
969,2.2189999999998933,0.12528847481570307,0.41254871969048196
970,2.219999999999893,0.1225244056622149,0.4209343550426629
971,2.220999999999893,0.13528741979349945,0.4521089206788899
972,2.221999999999893,0.13063895664311592,0.43487948783132724
973,2.222999999999893,0.12460176096050678,0.4471887680201918
974,2.2239999999998927,0.12943760033199228,0.4473578927464868
975,2.2249999999998926,0.12848866359671868,0.4578800949397435
976,2.2259999999998925,0.12503835699343402,0.45612300838268055
977,2.2269999999998924,0.11968570248232023,0.47152204256916996
978,2.2279999999998923,0.13395371962340766,0.48586641852426043
979,2.228999999999892,0.1321808188763208,0.49511055331390286
980,2.229999999999892,0.1251369921638076,0.5139598883861796
981,2.230999999999892,0.12713152971210273,0.5077557958525515
982,2.231999999999892,0.12385592891407056,0.5225237273988687
983,2.2329999999998917,0.12495960012090336,0.5255975955939789
984,2.2339999999998916,0.12413386234561173,0.544975854456154
985,2.2349999999998915,0.12051737953944484,0.5437972758315534
986,2.2359999999998914,0.12360497678584262,0.5673427421448606
987,2.2369999999998913,0.12967754531635417,0.5986667354991403
988,2.237999999999891,0.12377278824128887,0.5861296214667706
989,2.238999999999891,0.12605941425990685,0.616879914523916
990,2.239999999999891,0.12454102439639358,0.6173446248372471
991,2.240999999999891,0.13871381466754468,0.6432276881516292
992,2.2419999999998907,0.12694375192361726,0.6500142172984107
993,2.2429999999998906,0.14253325522625304,0.7832908364916941
994,2.2439999999998905,0.12767632538240084,0.7097591711252159
995,2.2449999999998904,0.1322334915826833,0.7156831851774493
996,2.2459999999998903,0.12557506945473393,0.7529021200553662
997,2.24699999999989,0.13155071510650188,0.7527730642532311
998,2.24799999999989,0.1257454436022649,0.792079356092811
999,2.24899999999989,0.12835094981262418,0.8431254938145898
1000,2.24999999999989,0.13145315779641048,0.8292560041637809
1001,2.2509999999998898,0.13106161926304613,0.8941361871484116
1002,2.2519999999998896,0.12938730341859828,0.9094727837953362
1003,2.2529999999998895,0.13632635176650112,0.9766049277562264
1004,2.2539999999998894,0.1243210809902008,0.9772310813346281
1005,2.2549999999998893,0.13373175422983796,1.0249916666789025
1006,2.255999999999889,0.13225206311357196,1.0519947097834115
1007,2.256999999999889,0.1293011777334937,1.111188853834342
1008,2.257999999999889,0.13558574405285329,1.1793163317003774
1009,2.258999999999889,0.12391456564455652,1.2214997497984175
1010,2.2599999999998888,0.1267251881894534,1.312109964958179
1011,2.2609999999998887,0.127715998041106,1.3271537732944838
1012,2.2619999999998885,0.12219445209528101,1.463519498582065
1013,2.2629999999998884,0.11882061694892816,1.6064851298192928
1014,2.2639999999998883,0.12079676422865704,1.5890248998030152
1015,2.264999999999888,0.12134643082952835,1.6282790994207117
1016,2.265999999999888,0.1258757484520674,1.7073845008629716
1017,2.266999999999888,0.13081445967031335,1.518290069306105
1018,2.267999999999888,0.1281277603587094,1.874662953202836
1019,2.2689999999998878,0.13115152724704662,1.9632218385405509
1020,2.2699999999998877,0.12572846602940613,1.9631118127715668
1021,2.2709999999998876,0.12038666551074288,2.036841637421376
1022,2.2719999999998874,0.12730518310653424,2.015619933457224
1023,2.2729999999998873,0.1300722642771862,2.0389081238353817
1024,2.2739999999998872,0.11968311580857818,1.954767363311472
1025,2.274999999999887,0.12141344923007474,1.9536398423260541
1026,2.275999999999887,0.12414229351233964,1.8391524567629864
1027,2.276999999999887,0.1253657542036061,1.8594579805776486
1028,2.277999999999887,0.1347785455287216,1.5744211483778179
1029,2.2789999999998867,0.12723092450672704,1.6996312204638866
1030,2.2799999999998866,0.1232743848600849,1.5588479551182783
1031,2.2809999999998865,0.12468879523600414,1.37595688950212
1032,2.2819999999998863,0.12528260223863014,1.3704561017684043
1033,2.2829999999998862,0.12219029659518275,1.270402724917388
1034,2.283999999999886,0.12178769848540966,1.25548552540984
1035,2.284999999999886,0.12316614986026445,1.1206100916334876
1036,2.285999999999886,0.11962811140621377,1.140455178475018
1037,2.286999999999886,0.1191795979487446,1.0919050683920097
1038,2.2879999999998857,0.12976327146755193,0.9523597464892831
1039,2.2889999999998856,0.11905916574386825,0.9435328672143269
1040,2.2899999999998855,0.12044802359685369,0.8660309875794558
1041,2.2909999999998854,0.11863255755553521,0.885143204994769
1042,2.2919999999998852,0.11588943826537063,0.8111944058651324
1043,2.292999999999885,0.11865510286655635,0.8175387629884032
1044,2.293999999999885,0.1193614129320249,0.757348557194435
1045,2.294999999999885,0.11159986905876415,0.7467590893125539
1046,2.295999999999885,0.12495081980027115,0.6968005858735045
1047,2.2969999999998847,0.10843958852814199,0.6972866882512616
1048,2.2979999999998846,0.1204716807068223,0.6737513823321059
1049,2.2989999999998845,0.11724773724840543,0.6117762320937071
1050,2.2999999999998844,0.114847443143315,0.6122189960345907
1051,2.3009999999998842,0.12597260715736588,0.5754332659067597
1052,2.301999999999884,0.1386527763193359,0.5727665396000635
1053,2.302999999999884,0.13016011891736648,0.5476594348060155
1054,2.303999999999884,0.14616087083321277,0.5436687373358954
1055,2.304999999999884,0.11311863258199382,0.5139709986699028
1056,2.3059999999998837,0.12227724641912392,0.49398316151186245
1057,2.3069999999998836,0.11892587960634927,0.49282308731619756
1058,2.3079999999998835,0.1099677333480776,0.4584751805741877
1059,2.3089999999998834,0.11574810435799142,0.450629158714805
1060,2.3099999999998833,0.11814002246484277,0.42868290643544915
1061,2.310999999999883,0.1137566178526067,0.44085950748430924
1062,2.311999999999883,0.13690687659147002,0.4152134401206748
1063,2.312999999999883,0.11922028358706911,0.4122979193888478
1064,2.313999999999883,0.12072485422270973,0.3950168154047259
1065,2.3149999999998827,0.13123169095851253,0.4261235196046007
1066,2.3159999999998826,0.12044470047607508,0.3812045966397402
1067,2.3169999999998825,0.11656218185416234,0.36071823798180797
1068,2.3179999999998824,0.10778367674209556,0.36533763284500853
1069,2.3189999999998823,0.2214990814678535,0.3551878680838988
1070,2.319999999999882,0.13584521055225013,0.3547663695113225
1071,2.320999999999882,0.11463146678064723,0.3338990288401717
1072,2.321999999999882,0.11567311180553748,0.32153577257608107
1073,2.322999999999882,0.12182252637195165,0.32355524638091887
1074,2.3239999999998817,0.11666198767147719,0.31262103517328577
1075,2.3249999999998816,0.11787806699123544,0.312635694792846
1076,2.3259999999998815,0.11790286599340064,0.30464849295849294
1077,2.3269999999998814,0.1206943031075837,0.29789630644495435
1078,2.3279999999998813,0.11913395134510771,0.28719605736265336
1079,2.328999999999881,0.11604540216145269,0.286401187299203
1080,2.329999999999881,0.11695031709469128,0.2770504801554604
1081,2.330999999999881,0.11334856599133807,0.27883945128553334
1082,2.331999999999881,0.11131955768797404,0.2708848942463849
1083,2.3329999999998807,0.1201355180079807,0.26474889961212833
1084,2.3339999999998806,0.12202167821770256,0.26138932709048807
1085,2.3349999999998805,0.1112750986605581,0.2465713017154708
1086,2.3359999999998804,0.10868689471342785,0.24706970857391305
1087,2.3369999999998803,0.11653369625612447,0.2771635442736872
1088,2.33799999999988,0.1111602027143013,0.23976713110794157
1089,2.33899999999988,0.18452121675918814,0.39218757385017167
1090,2.33999999999988,0.13348510392652146,0.241596542643707
1091,2.34099999999988,0.11909322533660878,0.22558019507483207
1092,2.3419999999998797,0.11465111575322466,0.2240108321593367
1093,2.3429999999998796,0.10884563409672224,0.2180809235434969
1094,2.3439999999998795,0.11965470200917716,0.21301971578435855
1095,2.3449999999998794,0.11505853350356757,0.20823310624390112
1096,2.3459999999998793,0.11893306806487991,0.2082010951449131
1097,2.346999999999879,0.10498612809789179,0.20605343047839328
1098,2.347999999999879,0.12121712374391215,0.20450267507407727
1099,2.348999999999879,0.11077583326845633,0.19560050251129368
1100,2.349999999999879,0.12129355836100078,0.1984102295104036
1101,2.3509999999998787,0.11955212888380794,0.19445990123381993
1102,2.3519999999998786,0.11437891663517412,0.1935025345984998
1103,2.3529999999998785,0.11922419493598908,0.185236469897817
1104,2.3539999999998784,0.11080810201829994,0.18313273026925886
1105,2.3549999999998783,0.11115093831574466,0.17871724931095398
1106,2.355999999999878,0.15913708572885557,0.18587544794670663
1107,2.356999999999878,0.16299124031250892,0.1871158179639317
1108,2.357999999999878,0.11868579690701155,0.1770389243862941
1109,2.358999999999878,0.12294652832814218,0.1769484686486894
1110,2.3599999999998778,0.11520284977993056,0.16518782572159793
1111,2.3609999999998776,0.11856926585764455,0.16824782594185902
1112,2.3619999999998775,0.11745657614514583,0.16706365869561027
1113,2.3629999999998774,0.12984031176431363,0.1903002094562293
1114,2.3639999999998773,0.1158388498751961,0.1650131571510859
1115,2.364999999999877,0.12444735030071283,0.15596420731690314
1116,2.365999999999877,0.112608825937291,0.15258839707338848
1117,2.366999999999877,0.11445019615606303,0.15052895117327666
1118,2.367999999999877,0.11584208148473718,0.15582945317682162
1119,2.3689999999998768,0.11378878123564662,0.1481703619430301
1120,2.3699999999998766,0.1160346858659249,0.14652870025031048
1121,2.3709999999998765,0.11239912761922255,0.14369143503518278
1122,2.3719999999998764,0.1499825265187347,0.20008652366135016
1123,2.3729999999998763,0.10983968949573918,0.13762906467129427
1124,2.373999999999876,0.11077115585814844,0.13868697539223981
1125,2.374999999999876,0.11711235635231997,0.1380752471784666
1126,2.375999999999876,0.1166974129140653,0.13737954700436658
1127,2.376999999999876,0.11207089436973673,0.13351637290327875
1128,2.3779999999998758,0.11230773653104424,0.13369904540792166
1129,2.3789999999998757,0.12397426127948998,0.1348385050459296
1130,2.3799999999998755,0.1155825499609199,0.13287555831305528
1131,2.3809999999998754,0.11316896041952054,0.12885589771950884
1132,2.3819999999998753,0.1184579128072737,0.13064901054356326
1133,2.382999999999875,0.12178798565679451,0.13175165606688372
1134,2.383999999999875,0.11594445112793351,0.12564988043558142
1135,2.384999999999875,0.12898968508289038,0.14758663586594428
1136,2.385999999999875,0.11142372244457592,0.11659439451524464
1137,2.3869999999998748,0.11357018715117065,0.11500144046106837
1138,2.3879999999998747,0.10998588360847093,0.11300232565443243
1139,2.3889999999998746,0.11451084388322062,0.11499662930219043
1140,2.3899999999998744,0.10598551032439518,0.11037118545394996
1141,2.3909999999998743,0.11216572358190983,0.11119235779849163
1142,2.3919999999998742,0.11449777791852442,0.11331029592043781
1143,2.392999999999874,0.11596250369273253,0.11060507599511057
1144,2.393999999999874,0.11657201627108128,0.10975108529895423
1145,2.394999999999874,0.11397930940154502,0.10891190930578548
1146,2.395999999999874,0.11285741768035179,0.10696902421940013
1147,2.3969999999998737,0.1096566048463319,0.10456169703824388
1148,2.3979999999998736,0.13280034478455097,0.12496679564002215
1149,2.3989999999998735,0.11437969805236638,0.1062385281178235
1150,2.3999999999998733,0.10864308715700863,0.1019647756608395
1151,2.4009999999998732,0.11547473323947256,0.1019818660416935
1152,2.401999999999873,0.11857926152951886,0.10360550345657678
1153,2.402999999999873,0.12236504484081336,0.10325639873815876
1154,2.403999999999873,0.11228797742791022,0.10035477458443105
1155,2.404999999999873,0.11882829141489896,0.10283887471589417
1156,2.4059999999998727,0.11686956789053568,0.10243893993734243
1157,2.4069999999998726,0.11112576321964791,0.09488884614861332
1158,2.4079999999998725,0.10240433761632542,0.08675335277141902
1159,2.4089999999998724,0.1168512009622015,0.09458559654170229
1160,2.4099999999998722,0.10843184776142274,0.08956206548331408
1161,2.410999999999872,0.11360046490335883,0.09171221769417237
1162,2.411999999999872,0.11776395951702956,0.09625038292380604
1163,2.412999999999872,0.1185183021413639,0.0954593966328432
1164,2.413999999999872,0.1105348415984096,0.08848798522202325
1165,2.4149999999998717,0.11502911250301873,0.08753277346024023
1166,2.4159999999998716,0.11855541253886302,0.09192940864316977
1167,2.4169999999998715,0.11940389169651937,0.08885877589786731
1168,2.4179999999998714,0.11169059842962845,0.08749214501174123
1169,2.4189999999998713,0.11057452595867219,0.08504305305227104
1170,2.419999999999871,0.12441761955772287,0.09137171606441427
1171,2.420999999999871,0.11169856563410524,0.08279928034471262
1172,2.421999999999871,0.1318589968596213,0.0942793375320109
1173,2.422999999999871,0.11507513790343961,0.08413877525319705
1174,2.4239999999998707,0.10957010228845553,0.08063718676668041
1175,2.4249999999998706,0.11246070867759518,0.0798312834235011
1176,2.4259999999998705,0.11847868741240343,0.08164539714694538
1177,2.4269999999998704,0.11460401585442669,0.07744912525041682
1178,2.4279999999998703,0.11122627801820772,0.07849961340803702
1179,2.42899999999987,0.12116218497722268,0.08187702843851337
1180,2.42999999999987,0.11171851014603666,0.07837049434352912
1181,2.43099999999987,0.1175349934399076,0.07999405959289807
1182,2.43199999999987,0.12837747924464415,0.0817542581054581
1183,2.4329999999998697,0.11664279959604418,0.07923852102442867
1184,2.4339999999998696,0.10688682369782036,0.07019734968720392
1185,2.4349999999998695,0.11238419100198008,0.07510958102747499
1186,2.4359999999998694,0.12141566831489518,0.07596085051095089
1187,2.4369999999998693,0.11439477043218885,0.07092490327218222
1188,2.437999999999869,0.11704100481906884,0.07662022846891871
1189,2.438999999999869,0.12607522737493757,0.07802213744344436
1190,2.439999999999869,0.11333433739973409,0.07236752173394102
1191,2.440999999999869,0.11818614063181364,0.0727975199802726
1192,2.4419999999998687,0.12151156231350047,0.07583272272336168
1193,2.4429999999998686,0.11517001282613397,0.06909227467664372
1194,2.4439999999998685,0.12950899338728591,0.07586210623418671
1195,2.4449999999998684,0.12052520390144567,0.07443025982780388
1196,2.4459999999998683,0.13233884261799797,0.09952292264607507
1197,2.446999999999868,0.10888740922728393,0.06461335029168155
1198,2.447999999999868,0.11514194780414631,0.06933145770647593
1199,2.448999999999868,0.10869267480000488,0.06044849462406818
1200,2.449999999999868,0.12203730337307668,0.07086245024452234
1201,2.4509999999998677,0.1295356256410522,0.0759594688064595
1202,2.4519999999998676,0.10836239505242383,0.06409009698451289
1203,2.4529999999998675,0.11620023149259685,0.06669633895203442
1204,2.4539999999998674,0.11362583270028524,0.06709897977465325
1205,2.4549999999998673,0.1250179367853342,0.07216297335730776
1206,2.455999999999867,0.11377365134661895,0.0630105137287771
1207,2.456999999999867,0.11348050396125166,0.06254769172331986
1208,2.457999999999867,0.12087742967753806,0.07011697248240668
1209,2.458999999999867,0.12196646463207328,0.06522092725286097
1210,2.4599999999998667,0.12353541447883862,0.06299959341404555
1211,2.4609999999998666,0.12384304351622605,0.06269222560057712
1212,2.4619999999998665,0.1331919556518494,0.06947038324637922
1213,2.4629999999998664,0.12016161903055153,0.060458268352407474
1214,2.4639999999998663,0.11044962498895283,0.05596138168351296
1215,2.464999999999866,0.12301402282665035,0.06346793982306463
1216,2.465999999999866,0.12517469633257985,0.06438684821565044
1217,2.466999999999866,0.1219529441127142,0.06120073900700064
1218,2.467999999999866,0.14283613413984717,0.08217690814987208
1219,2.4689999999998657,0.11114268710692798,0.05957516902987535
1220,2.4699999999998656,0.12292743608401598,0.06226198781540165
1221,2.4709999999998655,0.12016222270458923,0.061893060293308044
1222,2.4719999999998654,0.11200745682157727,0.054426495445009326
1223,2.4729999999998653,0.10372071580650351,0.05113835825601969
1224,2.473999999999865,0.11421572128430697,0.062100451360500894
1225,2.474999999999865,0.12047580947165425,0.05876280823435509
1226,2.475999999999865,0.12090540613585789,0.05496661622486644
1227,2.476999999999865,0.1298116465394527,0.057940512111309385
1228,2.4779999999998648,0.10103720657814609,0.049347885143319614
1229,2.4789999999998646,0.13950901478773647,0.05727654650357896
1230,2.4799999999998645,0.134896591623356,0.056120340244674334
1231,2.4809999999998644,0.140822040003835,0.062029824436414055
1232,2.4819999999998643,0.1354959104008559,0.051282706789545045
1233,2.482999999999864,0.14124842863999187,0.05542674699750071
1234,2.483999999999864,0.1327321761878434,0.05479286704466508
1235,2.484999999999864,0.08976760751225853,0.05697566974887127
1236,2.485999999999864,0.11779866850357265,0.04588579684930552
1237,2.4869999999998638,0.13516370633568506,0.06469898285811747
1238,2.4879999999998637,0.144332290647914,0.054444014616817776
1239,2.4889999999998635,0.07113312806596093,0.04888641121230725
1240,2.4899999999998634,0.16597155130507715,0.08812701515557292
1241,2.4909999999998633,0.19908226539229387,0.11053401362466797
1242,2.491999999999863,0.18333026904471827,0.0843177635063443
1243,2.492999999999863,0.07438398628284806,0.05484448967061952
1244,2.493999999999863,0.1525402074685246,0.049473025560396615
1245,2.494999999999863,0.08215037088185921,0.0565697822071047
1246,2.4959999999998628,0.15710293343606196,0.05517235452642043
1247,2.4969999999998627,0.08659995115807788,0.05120783803293412
1248,2.4979999999998626,0.1410728217233921,0.05945074027888089
1249,2.4989999999998624,0.06512918310622177,0.048724143325478385
1250,2.4999999999998623,0.08177581956433709,0.04990122422127125
