,f_kHz,A_ch1,A_ch2
0,1.25,0.07905942231783003,0.09864360981673959
1,1.251,0.07286463697220233,0.08941383956452308
2,1.2519999999999998,0.07272712464187531,0.09824124969874451
3,1.2529999999999997,0.07489620087420987,0.09891297980153767
4,1.2539999999999996,0.07977520673411548,0.09805906827224883
5,1.2549999999999994,0.07362341897259818,0.09817318245780635
6,1.2559999999999993,0.07873763531418522,0.09513132734232432
7,1.2569999999999992,0.08202215724690944,0.0998571697393523
8,1.2579999999999991,0.07363212750288323,0.10285217909250238
9,1.258999999999999,0.07389562324877873,0.10347685753518689
10,1.259999999999999,0.08253626505727317,0.10306397321844184
11,1.2609999999999988,0.07625067639079382,0.10502852941175633
12,1.2619999999999987,0.07689916384359327,0.10416139849326989
13,1.2629999999999986,0.08280146171383644,0.10794692068516581
14,1.2639999999999985,0.07922505785005877,0.10755972748042338
15,1.2649999999999983,0.0765602624826147,0.10941012620505804
16,1.2659999999999982,0.08514739122255018,0.11220667752215355
17,1.2669999999999981,0.08075607874391504,0.11220750895696438
18,1.267999999999998,0.08566423021159282,0.11443344837690804
19,1.268999999999998,0.08382524798025937,0.11446839726394988
20,1.2699999999999978,0.08436430006950615,0.1161360752267944
21,1.2709999999999977,0.08405836889655943,0.11539921407298971
22,1.2719999999999976,0.0876474578821622,0.12148945741459663
23,1.2729999999999975,0.08654309338104801,0.12081259026044801
24,1.2739999999999974,0.0921111164252194,0.12273147324252416
25,1.2749999999999972,0.09125909548765271,0.12529815250016327
26,1.2759999999999971,0.0917036479151993,0.1251398630290878
27,1.276999999999997,0.09857648988265694,0.1300525986229041
28,1.277999999999997,0.08793949007125328,0.12833480419292065
29,1.2789999999999968,0.10012623933568171,0.13167247298707319
30,1.2799999999999967,0.0907742459041911,0.13267183982296354
31,1.2809999999999966,0.1026890673441776,0.13637611309554581
32,1.2819999999999965,0.1159632185879397,0.15695924357965332
33,1.2829999999999964,0.09730193786233023,0.1390169560813171
34,1.2839999999999963,0.09968092796233967,0.14408473517431458
35,1.2849999999999961,0.09956672930749617,0.14334788220725103
36,1.285999999999996,0.09831427961881378,0.14805712473173147
37,1.286999999999996,0.09836966669194683,0.14794387091420283
38,1.2879999999999958,0.09999289949598064,0.15105895189669183
39,1.2889999999999957,0.10426479345034406,0.15187884546974711
40,1.2899999999999956,0.10832398097135378,0.15656907054654434
41,1.2909999999999955,0.10423118249000257,0.15737564633840934
42,1.2919999999999954,0.11047454378376768,0.16108661399706053
43,1.2929999999999953,0.13275461998002785,0.17903941125975958
44,1.2939999999999952,0.11313580792728664,0.1687460429952598
45,1.294999999999995,0.10971140175024435,0.16653637715731207
46,1.295999999999995,0.11850600594006531,0.17299672595146376
47,1.2969999999999948,0.11984508093539492,0.17991741126399555
48,1.2979999999999947,0.11818772983660217,0.17848767676456564
49,1.2989999999999946,0.12383082625155872,0.18536261726852418
50,1.2999999999999945,0.1442020275504694,0.19320830020332372
51,1.3009999999999944,0.1286403077507396,0.19229996105378053
52,1.3019999999999943,0.13294665201356706,0.19998827352964313
53,1.3029999999999942,0.1331152689769553,0.20008927588754294
54,1.303999999999994,0.2236993219529035,0.2826890847333224
55,1.304999999999994,0.13797638048097577,0.2084212897510678
56,1.3059999999999938,0.1374271457477526,0.20823980778918624
57,1.3069999999999937,0.14914596245088654,0.22538991922681978
58,1.3079999999999936,0.14699075406612908,0.22699296155287657
59,1.3089999999999935,0.1641734145392083,0.23625421489388534
60,1.3099999999999934,0.15564698322012976,0.2376117576169899
61,1.3109999999999933,0.16245847581134498,0.2492316602810517
62,1.3119999999999932,0.16428405855732212,0.24714165138484703
63,1.312999999999993,0.17018451458538528,0.26133768382006123
64,1.313999999999993,0.1717892368280445,0.25965217650270184
65,1.3149999999999928,0.22003648553572328,0.28400737192096015
66,1.3159999999999927,0.18102428209741164,0.27603985049420404
67,1.3169999999999926,0.20315787327990917,0.2944402359675826
68,1.3179999999999925,0.20347594562265467,0.30806650485471865
69,1.3189999999999924,0.20858157894036755,0.3086523555884851
70,1.3199999999999923,0.22088953913405424,0.3268389822855304
71,1.3209999999999922,0.23406093093812036,0.34666955202664
72,1.321999999999992,0.23408510293951326,0.34680747431324666
73,1.322999999999992,0.2525385035477764,0.37129374707611457
74,1.3239999999999919,0.25423776417738286,0.3713005206825269
75,1.3249999999999917,0.2742443442026809,0.3988468190160613
76,1.3259999999999916,0.27237749028813124,0.39807559820920924
77,1.3269999999999915,0.29780902581028423,0.4294974592229662
78,1.3279999999999914,0.29884594766629974,0.42950366486291974
79,1.3289999999999913,0.33536933258119617,0.46396353486265585
80,1.3299999999999912,0.32876011292508456,0.4627442487407721
81,1.330999999999991,0.36349261305742847,0.5040182474440171
82,1.331999999999991,0.40744055940503876,0.5495987366404933
83,1.3329999999999909,0.4096527508776957,0.5468083756243689
84,1.3339999999999907,0.46831803749432577,0.5990272516033676
85,1.3349999999999906,0.4598564155642125,0.5964483915361061
86,1.3359999999999905,0.5225356657711673,0.6523833445073898
87,1.3369999999999904,0.6094527402378225,0.7081968652979105
88,1.3379999999999903,0.6152530976154884,0.7080719110319837
89,1.3389999999999902,0.7139080890451447,0.7638655336536205
90,1.33999999999999,0.714554317935912,0.7564547214543599
91,1.34099999999999,0.8267281494529205,0.8047448776409282
92,1.3419999999999899,0.8231091589998374,0.8067862034348261
93,1.3429999999999898,0.9255486314991448,0.8282385502299763
94,1.3439999999999896,0.9204484311614684,0.8297464565143945
95,1.3449999999999895,0.9685772269275145,0.8418433388974658
96,1.3459999999999894,0.9277092226302027,0.834139391241209
97,1.3469999999999893,0.9225994850040713,0.8363790209357137
98,1.3479999999999892,0.8223741535507945,0.8059333558247529
99,1.348999999999989,0.8208454395342867,0.8080674391139244
100,1.349999999999989,0.7024745987125517,0.7605755021075323
101,1.3509999999999889,0.7046516358091944,0.7599924484952512
102,1.3519999999999888,0.6872039873975629,0.7442719148017309
103,1.3529999999999887,0.5063594222575633,0.6461288484443701
104,1.3539999999999885,0.515492574361041,0.6473991656386738
105,1.3549999999999884,0.41778190534023585,0.5910714483811625
106,1.3559999999999883,0.44839771128355604,0.5941246863362553
107,1.3569999999999882,0.3967579360090597,0.5511876718659694
108,1.357999999999988,0.3967708807039463,0.5433623853620742
109,1.358999999999988,0.3526022765333741,0.4993272945273017
110,1.3599999999999879,0.3214693376543211,0.46247701034282174
111,1.3609999999999878,0.32245405247730385,0.4627408437952929
112,1.3619999999999877,0.28561893503054836,0.42861201771631496
113,1.3629999999999876,0.29475268687671285,0.42750554885230324
114,1.3639999999999874,0.2656108920425792,0.40154830589975093
115,1.3649999999999873,0.269495363285925,0.4008427363584247
116,1.3659999999999872,0.24886326440095016,0.37304546762133123
117,1.3669999999999871,0.23153313594751135,0.3493250204683775
118,1.367999999999987,0.23100832818585973,0.3499569394105652
119,1.368999999999987,0.21945656224316518,0.32720252170787856
120,1.3699999999999868,0.21806093926520714,0.3265264307742983
121,1.3709999999999867,0.20662669502708336,0.3078889595655688
122,1.3719999999999866,0.2596313107244109,0.34228575084078927
123,1.3729999999999865,0.19335953790325014,0.29217783750638926
124,1.3739999999999863,0.2009016076326152,0.25165559135809024
125,1.3749999999999862,0.1820395302833025,0.2767064356483829
126,1.3759999999999861,0.17966171299087316,0.27374361643301265
127,1.376999999999986,0.1719620702951318,0.26227881867589387
128,1.377999999999986,0.1754952548470931,0.26288191320548643
129,1.3789999999999858,0.16553776966638112,0.24997931275719623
130,1.3799999999999857,0.16187869814451505,0.23898829185815715
131,1.3809999999999856,0.14667175365116167,0.22513450799882148
132,1.3819999999999855,0.15132931009341719,0.22772537678253565
133,1.3829999999999854,0.14555164208783544,0.2190079708676977
134,1.3839999999999852,0.14425066101391298,0.21880656157560952
135,1.3849999999999851,0.17005040315890554,0.20258352890619968
136,1.385999999999985,0.13987999338514492,0.20979650683806425
137,1.386999999999985,0.18029578844098057,0.25797549659458846
138,1.3879999999999848,0.1292253095772051,0.19358185509117476
139,1.3889999999999847,0.1307519429250059,0.1930523265764173
140,1.3899999999999846,0.1261403084417685,0.18658579306873974
141,1.3909999999999845,0.12745496285690522,0.18665450263022038
142,1.3919999999999844,0.12450508426829227,0.18069156281356158
143,1.3929999999999843,0.12020218780333711,0.18068481480106563
144,1.3939999999999841,0.11638251603500302,0.17429807623826518
145,1.394999999999984,0.11907021904615463,0.1742147135623298
146,1.395999999999984,0.11139766713080272,0.16770573293717114
147,1.3969999999999838,0.11215916390866659,0.16406007893281316
148,1.3979999999999837,0.11171124008812934,0.16290469025970988
149,1.3989999999999836,0.1078979183808286,0.15778579319205724
150,1.3999999999999835,0.10931302787151716,0.15809206575055243
151,1.4009999999999834,0.1117990057229362,0.15408981514078324
152,1.4019999999999833,0.1004893691655955,0.14854905672329735
153,1.4029999999999831,0.10484489721094313,0.1495169126617779
154,1.403999999999983,0.10118549335466377,0.14475433473062424
155,1.404999999999983,0.0982103100430272,0.14489091136891072
156,1.4059999999999828,0.09766718652141249,0.14113617403719073
157,1.4069999999999827,0.10073388324233014,0.14099614419276824
158,1.4079999999999826,0.09789842684483406,0.13787596930429835
159,1.4089999999999825,0.09553488523859814,0.13290953790608068
160,1.4099999999999824,0.09449083843699065,0.13346737465698139
161,1.4109999999999823,0.09758169739077838,0.13356620687111753
162,1.4119999999999822,0.09130081634672502,0.12893992580391755
163,1.412999999999982,0.09469674959861998,0.13012638476030805
164,1.413999999999982,0.09062526081477132,0.12671948404658265
165,1.4149999999999818,0.09060153085427075,0.12349478050585347
166,1.4159999999999817,0.09152045880396985,0.12113099753515733
167,1.4169999999999816,0.08600932318486143,0.12018516935664751
168,1.4179999999999815,0.09078514739680947,0.11813443450180573
169,1.4189999999999814,0.08225493961943721,0.11774287520078808
170,1.4199999999999813,0.08313249629949737,0.11446016763148496
171,1.4209999999999812,0.0850895628346116,0.11583879483147123
172,1.421999999999981,0.08334533263491234,0.11273064574398121
173,1.422999999999981,0.09014073818760479,0.1106938515105314
174,1.4239999999999808,0.0790502465814634,0.11010648798794283
175,1.4249999999999807,0.08193571107208608,0.10694387431192255
176,1.4259999999999806,0.0787402674705762,0.10758545604963603
177,1.4269999999999805,0.09759341792988424,0.11217932912088359
178,1.4279999999999804,0.07693028629578834,0.1050447512829998
179,1.4289999999999803,0.07947803050818242,0.10385582980693472
180,1.4299999999999802,0.07972940444383196,0.10330131334754965
181,1.43099999999998,0.07400002365720826,0.1019203526851912
182,1.43199999999998,0.07350704805262566,0.0984655285382556
183,1.4329999999999798,0.07255636737427477,0.09954103106443284
184,1.4339999999999797,0.07404263482332937,0.09794081259540334
185,1.4349999999999796,0.0796132377717161,0.09680182724904321
186,1.4359999999999795,0.0735937142558711,0.09542844364353781
187,1.4369999999999794,0.07215760094526068,0.09322523659234278
188,1.4379999999999793,0.07194724454779373,0.09394968521593602
189,1.4389999999999792,0.0710372607695398,0.09222893033512598
190,1.439999999999979,0.07065872402364326,0.09142580024654802
191,1.440999999999979,0.07235952341979286,0.09065370892243955
192,1.4419999999999789,0.07232204620170736,0.09046646001048664
193,1.4429999999999787,0.0689910488503322,0.08857800886427936
194,1.4439999999999786,0.06670852609481237,0.08684447330571736
195,1.4449999999999785,0.07442542038203064,0.08729942115192124
196,1.4459999999999784,0.07769857845556036,0.0871862931556662
197,1.4469999999999783,0.06805511285375697,0.08533921698999772
198,1.4479999999999782,0.06725046967114073,0.0839551767135486
199,1.448999999999978,0.07218866819680737,0.08486431197772783
200,1.449999999999978,0.06537375230272643,0.08261872757181946
201,1.4509999999999779,0.08546808226357752,0.08317351233511337
202,1.4519999999999778,0.06670772996032605,0.08108062049164523
203,1.4529999999999776,0.06645138545433227,0.07998434027209965
204,1.4539999999999775,0.06295633793865373,0.07947821071710372
205,1.4549999999999774,0.07246456387037702,0.07946451500416772
206,1.4559999999999773,0.07194539011973661,0.08024190820449714
207,1.4569999999999772,0.06279843179691563,0.07744832219966814
208,1.457999999999977,0.06690751417452616,0.07864349860018852
209,1.458999999999977,0.06334196868320505,0.07588779039895505
210,1.4599999999999769,0.06535710620261559,0.0760310796390742
211,1.4609999999999768,0.05985246651381503,0.07462645848152351
212,1.4619999999999767,0.07926136296618558,0.0760242624659425
213,1.4629999999999765,0.08711617200221615,0.0788035488823781
214,1.4639999999999764,0.06311267914778101,0.07310736687685124
215,1.4649999999999763,0.06142028870632952,0.07319571940317264
216,1.4659999999999762,0.059572542342289016,0.07123822059139603
217,1.466999999999976,0.05981263180468314,0.07103689581036061
218,1.467999999999976,0.06415908826339993,0.07061245276856747
219,1.4689999999999759,0.0717633695604503,0.07134311067315921
220,1.4699999999999758,0.06650126865174902,0.07062654411884534
221,1.4709999999999757,0.058857776107435415,0.06910774473170714
222,1.4719999999999756,0.057024834420275616,0.06759127905016935
223,1.4729999999999754,0.06529587549258324,0.06855565461435817
224,1.4739999999999753,0.057137390920265936,0.06733400535113006
225,1.4749999999999752,0.05886946111231581,0.06694973447489876
226,1.475999999999975,0.06251530911013692,0.06688916826575306
227,1.476999999999975,0.06246106068355576,0.06672195873317664
228,1.477999999999975,0.059300755581948174,0.06545192726286642
229,1.4789999999999748,0.05687136820076755,0.06546627832277767
230,1.4799999999999747,0.0693925932949756,0.06601562709614636
231,1.4809999999999746,0.061961176604027286,0.06488496778458137
232,1.4819999999999744,0.05695228122400788,0.06388896203639226
233,1.4829999999999743,0.0551474779127398,0.06213549490482437
234,1.4839999999999742,0.06370377675873289,0.06372097644159044
235,1.4849999999999741,0.055432152183849906,0.061263481459464836
236,1.485999999999974,0.06690581046857501,0.062934299386389
237,1.486999999999974,0.056210654951948984,0.06120609525737952
238,1.4879999999999738,0.07123939496191115,0.06484301781644872
239,1.4889999999999737,0.05278599911103436,0.05989327723173129
240,1.4899999999999736,0.06502159599282034,0.06083006135065834
241,1.4909999999999735,0.05740066887014236,0.05984626961581183
242,1.4919999999999733,0.05742160677180237,0.059508338606408556
243,1.4929999999999732,0.05681394233946902,0.05967176756693688
244,1.4939999999999731,0.057244499281391255,0.058383732487009246
245,1.494999999999973,0.061481502561074694,0.058146936784287596
246,1.495999999999973,0.054451371093767555,0.057500973740070044
247,1.4969999999999728,0.07023900740300021,0.0594448117176252
248,1.4979999999999727,0.06399196493084011,0.05836519804228218
249,1.4989999999999726,0.06687693767141228,0.05778660551900031
250,1.4999999999999725,0.05152734010537722,0.056479555921118106
251,1.5009999999999724,0.05348593168185199,0.05654265610744476
252,1.5019999999999722,0.05526742079920485,0.05567397293586626
253,1.5029999999999721,0.05593297713961387,0.05595867259019773
254,1.503999999999972,0.055902213981327956,0.055653697927274995
255,1.504999999999972,0.05168238886385462,0.05422731829030669
256,1.5059999999999718,0.05383472311271976,0.05448457747115545
257,1.5069999999999717,0.053813328377448,0.05459823046417788
258,1.5079999999999716,0.05184954159608062,0.053639940565040116
259,1.5089999999999715,0.05019900656740639,0.05299410283822554
260,1.5099999999999714,0.055369607780059414,0.05373300594806727
261,1.5109999999999713,0.049135560309450405,0.05242276800228414
262,1.5119999999999711,0.05641884297734502,0.05310155183871344
263,1.512999999999971,0.05434490729469794,0.052336310730980495
264,1.513999999999971,0.05114068841934945,0.05216857986122029
265,1.5149999999999708,0.04963848604134429,0.051460250347483645
266,1.5159999999999707,0.051235937355242366,0.05153070423519232
267,1.5169999999999706,0.04859838939775306,0.05006992569312909
268,1.5179999999999705,0.09300354467447594,0.08721519432642165
269,1.5189999999999704,0.047418358255297714,0.050482180982492304
270,1.5199999999999703,0.04755384879062034,0.049709616873702664
271,1.5209999999999702,0.05328709397880102,0.05037333753228973
272,1.52199999999997,0.04691004864540367,0.049643051687911124
273,1.52299999999997,0.044861807281514336,0.0489199020646186
274,1.5239999999999698,0.056647604066901766,0.050674932751494886
275,1.5249999999999697,0.054621812759114236,0.04912775315526981
276,1.5259999999999696,0.05318597163908033,0.049450575013665975
277,1.5269999999999695,0.0846555241512398,0.06114501042694948
278,1.5279999999999694,0.05733412679833745,0.04909770307167943
279,1.5289999999999693,0.11261034431530435,0.07435850136890326
280,1.5299999999999692,0.052265159029151416,0.0472817829375831
281,1.530999999999969,0.08110651560513851,0.06467684910112774
282,1.531999999999969,0.056119579402895,0.04904605522961345
283,1.5329999999999688,0.05404583196128585,0.048738820602059536
284,1.5339999999999687,0.06316632694166296,0.048176434675612105
285,1.5349999999999686,0.0546697899750398,0.046922404531075025
286,1.5359999999999685,0.05110731949181339,0.04683558735519272
287,1.5369999999999684,0.04455111723846434,0.04644219032434757
288,1.5379999999999683,0.05664486001985775,0.04816115554751396
289,1.5389999999999682,0.05416345531470392,0.046902379811327555
290,1.539999999999968,0.052322427952155984,0.048784871112111036
291,1.540999999999968,0.04629208345011318,0.045001869101066246
292,1.5419999999999678,0.052418025417617156,0.04518774651864222
293,1.5429999999999677,0.04947122020339265,0.04537032077842581
294,1.5439999999999676,0.04841522568258153,0.044976063260158246
295,1.5449999999999675,0.04308711340932552,0.043653035150961736
296,1.5459999999999674,0.04790300038111477,0.04460301866309984
297,1.5469999999999673,0.04476792681438882,0.04442347457348194
298,1.5479999999999672,0.04264754309440138,0.04341970014951067
299,1.548999999999967,0.04735688221455858,0.04310440774562994
300,1.549999999999967,0.05407286031817287,0.045532019718021365
301,1.5509999999999668,0.0482510751399177,0.044216484401061275
302,1.5519999999999667,0.05336664514448489,0.0445576770293194
303,1.5529999999999666,0.04542055910871752,0.042374127274396496
304,1.5539999999999665,0.05010186391428412,0.043551075162553486
305,1.5549999999999664,0.0437472923334192,0.04233704999005918
306,1.5559999999999663,0.053864166076392814,0.04355937519823169
307,1.5569999999999662,0.054812358963190144,0.043639765022926234
308,1.557999999999966,0.04563238645796182,0.042716688839077636
309,1.558999999999966,0.048046614812249026,0.042290504478054554
310,1.5599999999999659,0.04161807900639497,0.041656894605286286
311,1.5609999999999657,0.11140274845342227,0.06485180958073797
312,1.5619999999999656,0.05314988996880818,0.042615741956217514
313,1.5629999999999655,0.04446948651237239,0.04148084197971919
314,1.5639999999999654,0.04577305065604083,0.04127692582226371
315,1.5649999999999653,0.046214228764164964,0.04130428992597282
316,1.5659999999999652,0.0977821332022725,0.08022323911533334
317,1.566999999999965,0.04587303510750088,0.041145658608624076
318,1.567999999999965,0.04588497794975409,0.04065802184440189
319,1.5689999999999649,0.04616574140793331,0.040853641807618156
320,1.5699999999999648,0.050562019990416054,0.04122541201985035
321,1.5709999999999646,0.050820619827264955,0.04146287685004364
322,1.5719999999999645,0.05498073920559007,0.04048453878693027
323,1.5729999999999644,0.04812271630681786,0.039586125010202165
324,1.5739999999999643,0.0481411242068379,0.03948990681671262
325,1.5749999999999642,0.0787148634879041,0.045276979374860186
326,1.575999999999964,0.05343941251788662,0.041845120713541024
327,1.576999999999964,0.060063149409821534,0.04741620285720439
328,1.5779999999999639,0.05909224282205629,0.04156462853873117
329,1.5789999999999638,0.10500626199881123,0.09040026438087921
330,1.5799999999999637,0.044405736626998135,0.04009659574655222
331,1.5809999999999635,0.05126098541881508,0.04187768323223879
332,1.5819999999999634,0.046683071957797015,0.040440218690303564
333,1.5829999999999633,0.0669679096270036,0.04521443456524871
334,1.5839999999999632,0.040171202299228395,0.04060010631302376
335,1.584999999999963,0.044959871163225355,0.04018771836516958
336,1.585999999999963,0.048981123760526844,0.0442779807314108
337,1.5869999999999629,0.04654824699994072,0.044481276692242055
338,1.5879999999999628,0.07340697573879228,0.050489469931263325
339,1.5889999999999627,0.05078964206542708,0.04754511954833856
340,1.5899999999999626,0.03883168039318575,0.046534196901117666
341,1.5909999999999624,0.046761891206669494,0.04361573790330616
342,1.5919999999999623,0.038899137638021754,0.04229638673755551
343,1.5929999999999622,0.04388729859498675,0.041431082929695905
344,1.5939999999999621,0.04281932079051212,0.04006371758222009
345,1.594999999999962,0.038748865169199655,0.03858750940024717
346,1.595999999999962,0.03469696864321362,0.03650285191414027
347,1.5969999999999618,0.044422418957214334,0.03934312940512866
348,1.5979999999999617,0.05083692974108836,0.04010628917211092
349,1.5989999999999616,0.04263271850657301,0.03767419501315246
350,1.5999999999999615,0.04310782191699015,0.038426800879813844
351,1.6009999999999613,0.04321885899124345,0.03741798904494743
352,1.6019999999999612,0.044601185676226764,0.03884037113458138
353,1.6029999999999611,0.040733208357137875,0.03768110740350384
354,1.603999999999961,0.039655710364726336,0.03740635200858142
355,1.604999999999961,0.04436590117510466,0.03657972802821663
356,1.6059999999999608,0.0359042492781197,0.03680083816862939
357,1.6069999999999607,0.03688008676180445,0.03447458357958864
358,1.6079999999999606,0.04618414399189345,0.03738504269311544
359,1.6089999999999605,0.052549696371457164,0.037528084702073486
360,1.6099999999999604,0.04307174841952836,0.03571715824417049
361,1.6109999999999602,0.0449914655794483,0.03466876568009025
362,1.6119999999999601,0.05744995553259041,0.02995602632456996
363,1.61299999999996,0.03356513396388716,0.034759057485036673
364,1.61399999999996,0.06745310164790504,0.04051643586700788
365,1.6149999999999598,0.04586803682515225,0.03428281666967282
366,1.6159999999999597,0.04033030800817359,0.03454217070702671
367,1.6169999999999596,0.03454401529591815,0.032713340778158614
368,1.6179999999999595,0.033468515868610896,0.032172367297244535
369,1.6189999999999594,0.042158774711379535,0.03370608256149128
370,1.6199999999999593,0.03877068810872879,0.0345189431740546
371,1.6209999999999591,0.03383955627898953,0.03283664807227311
372,1.621999999999959,0.03690985889758858,0.03171746983725813
373,1.622999999999959,0.04794665129262796,0.03434655613664587
374,1.6239999999999588,0.03778646255598213,0.033312092762028914
375,1.6249999999999587,0.07011591127004907,0.034245189547868864
376,1.6259999999999586,0.0527932867870698,0.037467440709806524
377,1.6269999999999585,0.03440171714892267,0.030815702617859833
378,1.6279999999999584,0.04493727776934706,0.03409593795830971
379,1.6289999999999583,0.03966446347633293,0.03210758052010421
380,1.6299999999999581,0.037205817394677015,0.030565045010389678
381,1.630999999999958,0.03867970587354878,0.031178043251093017
382,1.631999999999958,0.050450121825971944,0.03314070032468841
383,1.6329999999999578,0.03507392291201483,0.030077541427819973
384,1.6339999999999577,0.04618302209304723,0.03445202507251124
385,1.6349999999999576,0.03125500225078682,0.029776544560785073
386,1.6359999999999575,0.04040010447185474,0.03152981073429574
387,1.6369999999999574,0.03846127869078593,0.030473339224416487
388,1.6379999999999573,0.05214904154580871,0.03383082717436947
389,1.6389999999999572,0.04342513987637108,0.031796624706124994
390,1.639999999999957,0.051300996482949085,0.034090275099779105
391,1.640999999999957,0.030809242924926452,0.029730905577991355
392,1.6419999999999568,0.036151430691364596,0.02942358903294726
393,1.6429999999999567,0.04316475659696912,0.030005080077425507
394,1.6439999999999566,0.03763343377928165,0.030965868093554078
395,1.6449999999999565,0.04888731089528794,0.03224735207254949
396,1.6459999999999564,0.03681976667072117,0.02792325607649385
397,1.6469999999999563,0.04355714180766036,0.027775487834187675
398,1.6479999999999562,0.03337192856585639,0.026949484799838625
399,1.648999999999956,0.039426396063368035,0.028087228342880702
400,1.649999999999956,0.05181012916743317,0.030433556808042106
401,1.6509999999999558,0.03106164806957376,0.029870042638559368
402,1.6519999999999557,0.03777483973381016,0.025500840386719615
403,1.6529999999999556,0.032434618281477194,0.02987004263855926
404,1.6539999999999555,0.03844699619462436,0.027484357096133498
405,1.6549999999999554,0.04737025573582158,0.027854726944725544
406,1.6559999999999553,0.06493467982668455,0.03027698584342422
407,1.6569999999999552,0.027912615959446656,0.02704331808111283
408,1.657999999999955,0.033096251141828785,0.027036801087678853
409,1.658999999999955,0.04081656733662369,0.028964798924114944
410,1.6599999999999548,0.09414525816204711,0.05505838049166574
411,1.6609999999999547,0.04185349086327836,0.030152965749116568
412,1.6619999999999546,0.059989023840087044,0.036127782604644755
413,1.6629999999999545,0.04183429794890914,0.0269303902272311
414,1.6639999999999544,0.032151589817857734,0.024537289581811516
415,1.6649999999999543,0.032871617444285274,0.022827168583182712
416,1.6659999999999542,0.032006911341031154,0.025190012485493695
417,1.666999999999954,0.04784044133415792,0.029415661256600112
418,1.667999999999954,0.035089578375620184,0.024646882876013323
419,1.6689999999999539,0.030236455452742613,0.025319049617010928
420,1.6699999999999537,0.0377266646108059,0.026350234833402517
421,1.6709999999999536,0.04975421440411236,0.0368122442383479
422,1.6719999999999535,0.03189107778782534,0.023351815112242026
423,1.6729999999999534,0.052404753614037035,0.02836523104328938
424,1.6739999999999533,0.043421709394706555,0.02557005326784039
425,1.6749999999999532,0.03306057687699153,0.028150128794471537
426,1.675999999999953,0.023264827176784436,0.02460421009013795
427,1.676999999999953,0.037986848284101433,0.024823313699721565
428,1.6779999999999529,0.04844560943800594,0.026505558841683655
429,1.6789999999999528,0.04207250252413726,0.025707315182159674
430,1.6799999999999526,0.035748779767866355,0.02412021530635316
431,1.6809999999999525,0.04648642835840017,0.02886428436299993
432,1.6819999999999524,0.03187568007545061,0.024634262378814525
433,1.6829999999999523,0.035288943800129556,0.024630738002067498
434,1.6839999999999522,0.036876012289410474,0.025203794212507936
435,1.684999999999952,0.035627951522457825,0.025062275641914183
436,1.685999999999952,0.055210743188808316,0.04459813793278675
437,1.6869999999999519,0.04176398286832071,0.02630855187097594
438,1.6879999999999518,0.03408590144251207,0.02451367360039677
439,1.6889999999999517,0.03549058368586351,0.024128755251627398
440,1.6899999999999515,0.027768615741598262,0.021718099844486794
441,1.6909999999999514,0.029788673762787182,0.022762594684298726
442,1.6919999999999513,0.031720720183975655,0.023817429933926482
443,1.6929999999999512,0.033237824865867106,0.025109795136850157
444,1.693999999999951,0.03290249709517225,0.027287911348711787
445,1.694999999999951,0.05666168808307065,0.02593428749898075
446,1.6959999999999509,0.0465727289767608,0.0285901828393148
447,1.6969999999999508,0.03862967490133064,0.04036632932513689
448,1.6979999999999507,0.03466353974237819,0.025016323388847548
449,1.6989999999999505,0.02776334408912858,0.02305450689511667
450,1.6999999999999504,0.04085428337808955,0.02559558017484747
451,1.7009999999999503,0.03474177632484223,0.022959665816634712
452,1.7019999999999502,0.03309879503691526,0.024620003957233547
453,1.70299999999995,0.04129939119202934,0.024231641513485707
454,1.70399999999995,0.04225658216040562,0.028063229181877085
455,1.7049999999999499,0.03481715854329029,0.0250568982034324
456,1.7059999999999498,0.0449684271755805,0.024498657436601408
457,1.7069999999999497,0.05443531128622581,0.027909749415566863
458,1.7079999999999496,0.03851818757115287,0.02372760476271074
459,1.7089999999999494,0.039390995923957346,0.02416481527239021
460,1.7099999999999493,0.029335028982178157,0.022247934185737943
461,1.7109999999999492,0.03597903204625344,0.023558809462944436
462,1.7119999999999491,0.032533550436253916,0.026986961236540992
463,1.712999999999949,0.033676979076912826,0.021499835203116446
464,1.713999999999949,0.032400094569871855,0.02384092035257144
465,1.7149999999999488,0.03719652054073299,0.02499378216453651
466,1.7159999999999487,0.029457748192929387,0.02281672183361111
467,1.7169999999999486,0.03005361803437208,0.02165117584787087
468,1.7179999999999485,0.03135364910299065,0.02365541140456822
469,1.7189999999999483,0.020813660945483706,0.022232728175567144
470,1.7199999999999482,0.03003085222917838,0.022662015729997778
471,1.7209999999999481,0.03557730629787646,0.02459425474622208
472,1.721999999999948,0.025713154496521007,0.022629974244723048
473,1.722999999999948,0.03909126907390743,0.02483401204348705
474,1.7239999999999478,0.01648516919050674,0.020492242427185513
475,1.7249999999999477,0.03722558724813217,0.02624775457621501
476,1.7259999999999476,0.03371234687676323,0.025319049617011057
477,1.7269999999999475,0.01835880094089428,0.02099273324693827
478,1.7279999999999474,0.036357800050827914,0.02560428591372784
479,1.7289999999999472,0.026526462771287864,0.021972498067316836
480,1.7299999999999471,0.04473681153060628,0.02325573500527787
481,1.730999999999947,0.03177844993967737,0.02313216118843753
482,1.731999999999947,0.03939642140698324,0.029422840389858547
483,1.7329999999999468,0.021504213260764668,0.021374596839023284
484,1.7339999999999467,0.02972664438366716,0.021957809443151625
485,1.7349999999999466,0.024851645318074943,0.022334196101538688
486,1.7359999999999465,0.031012693050632863,0.023494316187826728
487,1.7369999999999464,0.018158384899476073,0.019719343604573582
488,1.7379999999999463,0.03529793574075116,0.02428489540873077
489,1.7389999999999461,0.04654858093167407,0.027548775191557247
490,1.739999999999946,0.028305239782296775,0.02137314190228506
491,1.740999999999946,0.04580699689864299,0.026470582713418487
492,1.7419999999999458,0.027615516874822544,0.022971119315672514
493,1.7429999999999457,0.019185118985028178,0.021769586354715473
494,1.7439999999999456,0.040829925781094574,0.02505301952666649
495,1.7449999999999455,0.03455631246276886,0.023848745350458975
496,1.7459999999999454,0.034908374534639276,0.023604964250260454
497,1.7469999999999453,0.027757231451289874,0.023985323597864507
498,1.7479999999999452,0.032650199187984216,0.02191291580587931
499,1.748999999999945,0.0368373526518885,0.0262291865668007
500,1.749999999999945,0.027545256157559612,0.023233604917229523
501,1.7509999999999448,0.03016461293894401,0.024318379623930266
502,1.7519999999999447,0.04181435275528542,0.026418988102310862
503,1.7529999999999446,0.023899308774672372,0.02276811562806426
504,1.7539999999999445,0.05085061074199973,0.027604078929509588
505,1.7549999999999444,0.04028711816078354,0.023934651483952858
506,1.7559999999999443,0.043932757634682705,0.029605692103318256
507,1.7569999999999442,0.03465591568151711,0.025610509714503727
508,1.757999999999944,0.026295361029407233,0.02273935789368443
509,1.758999999999944,0.021651707852207866,0.021942756685325242
510,1.7599999999999438,0.03866228783249227,0.02639661384523255
511,1.7609999999999437,0.031024594596856962,0.023308494658182
512,1.7619999999999436,0.037721685754608096,0.02688401631381401
513,1.7629999999999435,0.04347975244115057,0.027002705023915916
514,1.7639999999999434,0.02304413175752369,0.021920483278094764
515,1.7649999999999433,0.04073600669706772,0.024735046056019925
516,1.7659999999999432,0.03542698380974255,0.026063119832396796
517,1.766999999999943,0.057672830180949534,0.04072466924210509
518,1.767999999999943,0.023540469353638814,0.022679162190019753
519,1.7689999999999428,0.03594160605213993,0.02483192492371035
520,1.7699999999999427,0.03201176742143132,0.02555580993309137
521,1.7709999999999426,0.04189825044455523,0.028080584474895264
522,1.7719999999999425,0.02592706908889904,0.023328887507698175
523,1.7729999999999424,0.03466339026710645,0.02530599630360948
524,1.7739999999999423,0.03820754705346492,0.02606187692153646
525,1.7749999999999422,0.026231095566448027,0.024338352212131802
526,1.775999999999942,0.029225005397254276,0.02366160021457387
527,1.776999999999942,0.039434904448863946,0.028371123200145683
528,1.7779999999999418,0.024631967905261138,0.024077147251499082
529,1.7789999999999417,0.027433295750460183,0.024432773661263427
530,1.7799999999999416,0.054938857570304665,0.042064243722632684
531,1.7809999999999415,0.032419638547186144,0.024199375914308967
532,1.7819999999999414,0.022326498278455918,0.02437835460149295
533,1.7829999999999413,0.03284216811250189,0.025366547817801385
534,1.7839999999999412,0.020624918497559295,0.024723151901295704
535,1.784999999999941,0.03165462024721562,0.025506327432207748
536,1.785999999999941,0.0382755628047339,0.02630101531868333
537,1.7869999999999409,0.0318462046064876,0.02435543573711943
538,1.7879999999999407,0.02233113921437971,0.02420944011766114
539,1.7889999999999406,0.029623279537942068,0.024046183171260307
540,1.7899999999999405,0.024634912627198413,0.024044404892394386
541,1.7909999999999404,0.037784268550645886,0.0325538436128186
542,1.7919999999999403,0.02413575018798649,0.02400174065905985
543,1.7929999999999402,0.03457879596342828,0.02727841292998534
544,1.79399999999994,0.01822680914566186,0.024432773661263393
545,1.79499999999994,0.014434392133396784,0.02437240095990064
546,1.7959999999999399,0.023280189157808974,0.02541140786001139
547,1.7969999999999398,0.03467474855135045,0.028714635247961775
548,1.7979999999999396,0.021650690788173565,0.027173711197014002
549,1.7989999999999395,0.03287981283116071,0.02893333326839787
550,1.7999999999999394,0.028931667920049874,0.02867187047085836
551,1.8009999999999393,0.023778899161273487,0.02738044289685124
552,1.8019999999999392,0.023478483741178717,0.027163075721202284
553,1.802999999999939,0.030778914533079755,0.027009182270501433
554,1.803999999999939,0.037378414419425514,0.028092994315449007
555,1.8049999999999389,0.023725727523748904,0.02615874569099
556,1.8059999999999388,0.027554659676194068,0.02742243383953374
557,1.8069999999999387,0.022596389967733794,0.02488675794043271
558,1.8079999999999385,0.04570168147328624,0.03168538448128136
559,1.8089999999999384,0.024143316279294124,0.025442238269497125
560,1.8099999999999383,0.02435399978246164,0.024832551078062252
561,1.8109999999999382,0.03855207082007935,0.029335735637067976
562,1.811999999999938,0.021879522850601258,0.025931089719966476
563,1.812999999999938,0.05864046563482791,0.033438810967837664
564,1.8139999999999379,0.019273296851161213,0.02496488931810852
565,1.8149999999999378,0.07728335503082584,0.04347934336023387
566,1.8159999999999377,0.02445648953432812,0.026040788118354218
567,1.8169999999999376,0.03305650184510024,0.028680681525185887
568,1.8179999999999374,0.04740557212193688,0.03015326655190572
569,1.8189999999999373,0.023813301868316254,0.026381932705333542
570,1.8199999999999372,0.02371873819064957,0.02570746639172819
571,1.8209999999999371,0.04072430326901367,0.027377839988460113
572,1.821999999999937,0.02856906952078758,0.027318284095520062
573,1.822999999999937,0.021871943557795637,0.025703030541386264
574,1.8239999999999368,0.041970686207635596,0.02953501253510414
575,1.8249999999999367,0.037600893063749675,0.02914216616614532
576,1.8259999999999366,0.03925791985775831,0.03156410685478609
577,1.8269999999999365,0.03176736091608125,0.027747483544242176
578,1.8279999999999363,0.0356244610598626,0.027671543097765105
579,1.8289999999999362,0.039283153267138014,0.029167054556212303
580,1.8299999999999361,0.030433094693683514,0.028209903594690656
581,1.830999999999936,0.02506045733872776,0.02663240620619437
582,1.831999999999936,0.03701639240574983,0.028551044062417576
583,1.8329999999999358,0.03279302712275666,0.02918015686789069
584,1.8339999999999357,0.03180179761991383,0.02774958484630315
585,1.8349999999999356,0.03035958423256158,0.028173456052091587
586,1.8359999999999355,0.02641513701102545,0.029060596650455895
587,1.8369999999999354,0.034624654444887625,0.029535363502090548
588,1.8379999999999352,0.03216093534390308,0.028709445457733542
589,1.8389999999999351,0.05425616714699573,0.04504000354119022
590,1.839999999999935,0.02715003912459209,0.028526662935065825
591,1.840999999999935,0.027001012974763386,0.02896323316378987
592,1.8419999999999348,0.03148298317371463,0.030155329118771217
593,1.8429999999999347,0.0334156444818933,0.030541295877177684
594,1.8439999999999346,0.03151485356497671,0.029705137406165486
595,1.8449999999999345,0.03743074084185033,0.029905115710120084
596,1.8459999999999344,0.040787392017855036,0.03290539436819835
597,1.8469999999999342,0.03449166587010061,0.031104271514732756
598,1.8479999999999341,0.06017828871832225,0.03630723735485004
599,1.848999999999934,0.0371411788132782,0.031503292961962324
600,1.849999999999934,0.05979253118815758,0.038393066520857826
601,1.8509999999999338,0.03701593748759991,0.03175597027532408
602,1.8519999999999337,0.036785414612725095,0.031060249761027146
603,1.8529999999999336,0.0394016817679758,0.03227948095735816
604,1.8539999999999335,0.0297193229149212,0.03133437107231568
605,1.8549999999999334,0.040628290888070843,0.03296696266693749
606,1.8559999999999333,0.046154544784224504,0.03519883516539413
607,1.8569999999999331,0.03650003131836975,0.0322945704912392
608,1.857999999999933,0.04216820626314086,0.03297765163025268
609,1.858999999999933,0.042678876493049495,0.03491735054718262
610,1.8599999999999328,0.04801751625106641,0.03602837062353385
611,1.8609999999999327,0.03695934405203481,0.03250050394995678
612,1.8619999999999326,0.05483482851190664,0.03459584571498972
613,1.8629999999999325,0.07482098156787996,0.05430484829867669
614,1.8639999999999324,0.03621018120635985,0.033659766383442466
615,1.8649999999999323,0.04137760280316884,0.035123400461725594
616,1.8659999999999322,0.03764926352687088,0.035734893610744556
617,1.866999999999932,0.041482155186574,0.03634091125797865
618,1.867999999999932,0.03341072105823404,0.033890829005286754
619,1.8689999999999318,0.039248416017915226,0.035389922196171965
620,1.8699999999999317,0.04737613451458255,0.03723275205622968
621,1.8709999999999316,0.04417864787824058,0.03729117179132582
622,1.8719999999999315,0.07203139968249792,0.04452043914824264
623,1.8729999999999314,0.04825453810780921,0.03709737391816504
624,1.8739999999999313,0.11332080429458569,0.058237627961301816
625,1.8749999999999312,0.045970294368913665,0.037681073016640705
626,1.875999999999931,0.054132165126198915,0.04033678707733304
627,1.876999999999931,0.05472984435786903,0.0395727353427808
628,1.8779999999999308,0.048883203796717664,0.03907893341531756
629,1.8789999999999307,0.04546502642486687,0.03929254288667968
630,1.8799999999999306,0.05980206249515523,0.040523470958709486
631,1.8809999999999305,0.05800372766260083,0.04308396184421597
632,1.8819999999999304,0.04799938478517017,0.04050824804044254
633,1.8829999999999303,0.05571223323021881,0.04118947131440476
634,1.8839999999999302,0.05919213787954547,0.04248284703079753
635,1.88499999999993,0.05120232692289006,0.04174638066735436
636,1.88599999999993,0.05113308921214357,0.04122767495230748
637,1.8869999999999298,0.052932467441111276,0.04266132517810129
638,1.8879999999999297,0.05757842083879489,0.04414724266047844
639,1.8889999999999296,0.05200420261255797,0.043370880891308715
640,1.8899999999999295,0.056069354330643015,0.043877599867340314
641,1.8909999999999294,0.060529176618582585,0.04572874934555423
642,1.8919999999999293,0.0582618459290273,0.045547042881231126
643,1.8929999999999292,0.06699761325529154,0.04733948904351926
644,1.893999999999929,0.07269876422138047,0.0495527905930265
645,1.894999999999929,0.06399471779926748,0.0481570928509556
646,1.8959999999999289,0.06318963875423707,0.04683448071823381
647,1.8969999999999287,0.07281777885717206,0.05007303101663885
648,1.8979999999999286,0.07716338850575687,0.058899361110924246
649,1.8989999999999285,0.05784755150754868,0.04865508484006449
650,1.8999999999999284,0.05885240594868603,0.049393944934388714
651,1.9009999999999283,0.06901336915888868,0.05167445828352667
652,1.9019999999999282,0.06229576554566052,0.05140989223224431
653,1.902999999999928,0.06878420968345467,0.05368494874732758
654,1.903999999999928,0.06495703795692304,0.05275666965098643
655,1.9049999999999279,0.07795688694037314,0.05584259092660236
656,1.9059999999999278,0.06721434499654313,0.0536319442831233
657,1.9069999999999276,0.09655141294363676,0.05836564204987782
658,1.9079999999999275,0.07616228850182875,0.05704378647908144
659,1.9089999999999274,0.13061178572216714,0.08091245576160086
660,1.9099999999999273,0.07263131033749849,0.058431672777565016
661,1.9109999999999272,0.07189249178546722,0.05860049268651282
662,1.911999999999927,0.07656938134836744,0.06126675965175877
663,1.912999999999927,0.0794406667161225,0.062215520314128636
664,1.9139999999999269,0.08050083081432886,0.06296311694818033
665,1.9149999999999268,0.08295494196511824,0.06515429953346003
666,1.9159999999999267,0.07963913590600287,0.06547443228204358
667,1.9169999999999265,0.07901051646202753,0.06747556486764916
668,1.9179999999999264,0.08260518048417463,0.06711234151283028
669,1.9189999999999263,0.08208260435290048,0.06947724669979453
670,1.9199999999999262,0.08169212545467101,0.0696792470756553
671,1.920999999999926,0.08574770307649834,0.07260912130490971
672,1.921999999999926,0.15516287422433342,0.10431543711118131
673,1.9229999999999259,0.08775214817740022,0.07515498985398125
674,1.9239999999999258,0.09167368346251414,0.07842589487966498
675,1.9249999999999257,0.09422176768754723,0.07923278114850063
676,1.9259999999999255,0.09832946971383012,0.08168347691448302
677,1.9269999999999254,0.09179823799677396,0.08122534145303216
678,1.9279999999999253,0.09847972918345442,0.08562396102312675
679,1.9289999999999252,0.10148716061400108,0.08537220401608166
680,1.929999999999925,0.1039210278087929,0.08972401234959375
681,1.930999999999925,0.11375831448475561,0.0926310244765104
682,1.9319999999999249,0.11179376860927605,0.09236735069775756
683,1.9329999999999248,0.24987967669585942,0.14714732389689514
684,1.9339999999999247,0.11086154692179499,0.09626741100310802
685,1.9349999999999246,0.11829841743404255,0.0991000767597277
686,1.9359999999999244,0.11666709507635847,0.10005124302316813
687,1.9369999999999243,0.11456052618623022,0.09896715859514861
688,1.9379999999999242,0.12250495156724996,0.10105942689141283
689,1.9389999999999241,0.12075789695340061,0.10193779371222851
690,1.939999999999924,0.12565228597711556,0.10268696185270094
691,1.940999999999924,0.12835264527696508,0.10508717536124398
692,1.9419999999999238,0.13200799593713294,0.10367711551166336
693,1.9429999999999237,0.13176039961460934,0.10539857897696117
694,1.9439999999999236,0.13302239396422308,0.10562208663831794
695,1.9449999999999235,0.13940915666857973,0.10696592320169658
696,1.9459999999999233,0.2697845793479486,0.16174558259571384
697,1.9469999999999232,0.1418635643681363,0.10827981496035761
698,1.9479999999999231,0.14887369973989145,0.1098310662316828
699,1.948999999999923,0.15106125695718717,0.10993304386463293
700,1.949999999999923,0.15529051598832436,0.11199723685256463
701,1.9509999999999228,0.16200859643700813,0.11409523892365916
702,1.9519999999999227,0.15828849489635372,0.11236967108579235
703,1.9529999999999226,0.17242734373492555,0.11455264055772478
704,1.9539999999999225,0.1704067044820615,0.11700407339237026
705,1.9549999999999224,0.2061185107219251,0.11913502537636202
706,1.9559999999999222,0.17518072637511517,0.1192116560777951
707,1.9569999999999221,0.3415930878131371,0.19547430024407644
708,1.957999999999922,0.18069939223235112,0.12059436136282209
709,1.958999999999922,0.18998808372682444,0.12416292236258732
710,1.9599999999999218,0.1946108446972079,0.12498139381868607
711,1.9609999999999217,0.1974725576461299,0.12783395843598433
712,1.9619999999999216,0.20936894313402293,0.13125702698704425
713,1.9629999999999215,0.20882487676992778,0.1336028233734028
714,1.9639999999999214,0.2206074803653177,0.1378531024952539
715,1.9649999999999213,0.2193656987316135,0.13651635446704918
716,1.9659999999999211,0.2865444259816631,0.1486411388742355
717,1.966999999999921,0.23307717396521127,0.14309337762236082
718,1.967999999999921,0.24163448240192878,0.1467043293843832
719,1.9689999999999208,0.2553215784591533,0.15313421822736156
720,1.9699999999999207,0.2572419410043373,0.153439532260303
721,1.9709999999999206,0.27193740334312205,0.15967090120249774
722,1.9719999999999205,0.27016001008953333,0.15872618654344892
723,1.9729999999999204,0.2931716267183558,0.16632367836269865
724,1.9739999999999203,0.30603322523666654,0.17371277995123696
725,1.9749999999999202,0.30432403457962015,0.17395867293305337
726,1.97599999999992,0.32453644950618205,0.18197248421182893
727,1.97699999999992,0.32699029942096686,0.18208626266259123
728,1.9779999999999198,0.347235509405086,0.19044113548378644
729,1.9789999999999197,0.3459800177954992,0.19017268375173552
730,1.9799999999999196,0.3696921736716366,0.20165135371190915
731,1.9809999999999195,0.4976727556686343,0.26821129752693507
732,1.9819999999999194,0.39672669723547516,0.20979566688011553
733,1.9829999999999193,0.4277740972879013,0.2213363798585976
734,1.9839999999999192,0.4292741532156854,0.2214876167685393
735,1.984999999999919,0.46921179829448945,0.23561910708752032
736,1.985999999999919,0.464308606998153,0.23391317119832952
737,1.9869999999999188,0.5068867489882738,0.25193789839985226
738,1.9879999999999187,0.6132926072567456,0.258846129554762
739,1.9889999999999186,0.5512019511857337,0.2676148776837894
740,1.9899999999999185,0.871752034504142,0.3584130227417639
741,1.9909999999999184,0.608029609103166,0.2852545287067632
742,1.9919999999999183,0.673692131450026,0.33889033554856596
743,1.9929999999999182,0.6752133906951363,0.30332557259705256
744,1.993999999999918,0.6741061329275719,0.3036846707059807
745,1.994999999999918,0.7553552560742873,0.3248431784193884
746,1.9959999999999178,0.8533282218407902,0.3471570455030304
747,1.9969999999999177,1.0079369821228348,0.3726780932358818
748,1.9979999999999176,0.9737403245810853,0.3738986832428133
749,1.9989999999999175,1.3512764662727268,0.38724942732059975
750,1.9999999999999174,1.1171659516360246,0.400309470667921
751,2.0009999999999173,1.5176548273590995,0.4413727534993161
752,2.001999999999917,1.4936183206042741,0.4563837948369026
753,2.002999999999917,1.4851095685428988,0.45731445646260055
754,2.003999999999917,1.6718798216788957,0.4783905393238224
755,2.004999999999917,1.650297188163683,0.4790406185045826
756,2.0059999999999167,1.7880894760812371,0.5033882755490326
757,2.0069999999999166,1.7870811024239863,0.5046808157960335
758,2.0079999999999165,1.7650989795428318,0.5229144884908399
759,2.0089999999999164,1.6660519758911025,0.560993883681942
760,2.0099999999999163,1.6658522774319358,0.5607845500428468
761,2.010999999999916,1.4765982504683741,0.6055878069863421
762,2.011999999999916,1.4675716258083165,0.5988695456158848
763,2.012999999999916,1.3050406691685106,0.6480057579241543
764,2.013999999999916,1.3049106897861593,0.6465069947516987
765,2.0149999999999157,1.152351637867508,0.6719852240023131
766,2.0159999999999156,0.6115154919033058,0.6113110828472222
767,2.0169999999999155,1.0130611449049387,0.6789562132843868
768,2.0179999999999154,0.907812840804179,0.6706693532467206
769,2.0189999999999153,0.9154442373049805,0.6742240744962578
770,2.019999999999915,0.8250817662064562,0.651325719639477
771,2.020999999999915,0.8213125237624566,0.648722450282551
772,2.021999999999915,0.7508005927357335,0.6175580255228447
773,2.022999999999915,0.7492534616451911,0.6176070050858034
774,2.0239999999999148,0.6910837028208844,0.5803189005833734
775,2.0249999999999146,0.765789585409047,0.6019395326373026
776,2.0259999999999145,0.632993688069112,0.5396400080214145
777,2.0269999999999144,0.8857618591219509,0.40765024948070666
778,2.0279999999999143,0.5491386799723438,0.47021099293683305
779,2.028999999999914,0.4782849251155182,0.44006206119377683
780,2.029999999999914,0.5295241743382839,0.44534545204159465
781,2.030999999999914,0.5216360413857503,0.4424417974886694
782,2.031999999999914,0.48587244424308357,0.40499373574115305
783,2.0329999999999138,0.4893157967754137,0.4145068737402263
784,2.0339999999999137,0.4886319437635077,0.3798040853870526
785,2.0349999999999135,0.4375904451714336,0.3626430029826782
786,2.0359999999999134,0.43693814612720666,0.362964208370626
787,2.0369999999999133,0.4167741405305684,0.34454010437748495
788,2.037999999999913,0.41899511495450803,0.3466796547866764
789,2.038999999999913,0.4032878269093975,0.32996938014252053
790,2.039999999999913,0.3975266280916158,0.32568677129191415
791,2.040999999999913,0.3840182319523329,0.31014908458205714
792,2.0419999999999128,0.38520869400031343,0.3130255534058729
793,2.0429999999999127,0.36845241105123583,0.29784447626341404
794,2.0439999999999126,0.3542165830876684,0.2828470832054976
795,2.0449999999999124,0.3551507665725559,0.28381506404164397
796,2.0459999999999123,0.3412904100488701,0.27156348421587123
797,2.0469999999999122,0.34065973444266323,0.270593642745937
798,2.047999999999912,0.32936194908677713,0.2605785743918375
799,2.048999999999912,0.3300416316542883,0.2597117534926625
800,2.049999999999912,0.319131432749658,0.24930726704769463
801,2.050999999999912,0.3370516521955713,0.25581893525224797
802,2.0519999999999117,0.3099271115137476,0.241592037500096
803,2.0529999999999116,0.48292393078500984,0.33859154170126665
804,2.0539999999999115,0.2978296593203132,0.23246267355650346
805,2.0549999999999113,0.291637132296749,0.22397628017379426
806,2.0559999999999112,0.28526661104120965,0.21898624484082316
807,2.056999999999911,0.2818502641044513,0.21524624473735574
808,2.057999999999911,0.2759943094574221,0.21271022228359357
809,2.058999999999911,0.27766318263901774,0.2119985318258125
810,2.059999999999911,0.2697082269298959,0.2029731406425965
811,2.0609999999999107,0.2687715447174182,0.20275528599345172
812,2.0619999999999106,0.279397952034882,0.19252811220803698
813,2.0629999999999105,0.2568472656777585,0.1922292789733235
814,2.0639999999999104,0.2525234231072366,0.19101473501651456
815,2.0649999999999102,0.24888984490458896,0.1861208875557961
816,2.06599999999991,0.2496383671326649,0.18754489043336298
817,2.06699999999991,0.2424856419592519,0.18146851675719486
818,2.06799999999991,0.24220812665305294,0.18189539562607082
819,2.06899999999991,0.24109762725856163,0.1783084145823497
820,2.0699999999999097,0.23859818848361647,0.17732865577071227
821,2.0709999999999096,0.23228766831845254,0.17341750816228693
822,2.0719999999999095,0.23027118289674717,0.1690907368152566
823,2.0729999999999094,0.22971166277721233,0.16903767019660446
824,2.0739999999999092,0.22396279703943328,0.16496282401882037
825,2.074999999999909,0.2235456354015729,0.16435361920434127
826,2.075999999999909,0.22094777434468732,0.16069976168316477
827,2.076999999999909,0.22042178721186254,0.1621350862684053
828,2.077999999999909,0.21584883907504632,0.15700780158042188
829,2.0789999999999087,0.21408000149030565,0.15458420024069355
830,2.0799999999999086,0.21419053729665022,0.15516288760715716
831,2.0809999999999085,0.20629060650511624,0.1499671427163439
832,2.0819999999999084,0.2101698201269934,0.15208771186328504
833,2.0829999999999083,0.2046491256773247,0.14826387659179618
834,2.083999999999908,0.20775822682793585,0.14960007581103182
835,2.084999999999908,0.20564121666705054,0.14680727770941726
836,2.085999999999908,0.20091259403844258,0.14383487661661296
837,2.086999999999908,0.19821621168421616,0.14217950956379635
838,2.0879999999999077,0.29405909937155217,0.20269560787644839
839,2.0889999999999076,0.19489732836977589,0.1383715845137607
840,2.0899999999999075,0.19221155729225575,0.1363280286294823
841,2.0909999999999074,0.19332668948071374,0.13652808536207708
842,2.0919999999999073,0.18879188260557736,0.13327329185540765
843,2.092999999999907,0.1866796991500063,0.1323574560472726
844,2.093999999999907,0.1862310524630455,0.13181674552584838
845,2.094999999999907,0.18528707818241877,0.13122400188126176
846,2.095999999999907,0.18559168216445215,0.12985716393428984
847,2.0969999999999067,0.2298260204242511,0.1497837303583214
848,2.0979999999999066,0.18111070080819455,0.12559302638462053
849,2.0989999999999065,0.18282551648083056,0.12704096615100458
850,2.0999999999999064,0.17816884100164954,0.12474619495755342
851,2.1009999999999063,0.17746029815659659,0.12324418185976178
852,2.101999999999906,0.17594351436687306,0.12153007515938173
853,2.102999999999906,0.1745102252559655,0.12141947218783393
854,2.103999999999906,0.17467929869704726,0.1193614698510711
855,2.104999999999906,0.16762796430018512,0.116671860984502
856,2.1059999999999057,0.1716180558704978,0.11786943918642553
857,2.1069999999999056,0.17027134546906286,0.11651657628639615
858,2.1079999999999055,0.1709973827866985,0.11641405483375226
859,2.1089999999999054,0.1688162412606557,0.11528152661901156
860,2.1099999999999053,0.16842413122237318,0.11526613838666469
861,2.110999999999905,0.16380501032010855,0.11202922151985294
862,2.111999999999905,0.16610960314804557,0.11350659535971606
863,2.112999999999905,0.16433839101739156,0.11201056394321275
864,2.113999999999905,0.16027102056898718,0.10943901909521321
865,2.1149999999999047,0.1638197102091161,0.11074169353695716
866,2.1159999999999046,0.1625446843472063,0.10935974670154895
867,2.1169999999999045,0.1602176938243902,0.108875831361596
868,2.1179999999999044,0.1592672681409997,0.10834919864929325
869,2.1189999999999043,0.16004167124447774,0.10739943577170363
870,2.119999999999904,0.15627352755123317,0.10654927864224308
871,2.120999999999904,0.1676798536629506,0.11668220002729224
872,2.121999999999904,0.15683880156148988,0.1045685867948469
873,2.122999999999904,0.1545877183268674,0.10400574887665451
874,2.1239999999999037,0.1546345764996863,0.1028603548868339
875,2.1249999999999036,0.15206144727384893,0.10262092169155873
876,2.1259999999999035,0.15274217731750184,0.1016928756912754
877,2.1269999999999034,0.15098873032991192,0.10114913764582359
878,2.1279999999999033,0.15307784052092815,0.10121275840720659
879,2.128999999999903,0.14809706041417067,0.09961004977837369
880,2.129999999999903,0.1524178857715339,0.09972909354003405
881,2.130999999999903,0.14638646578308784,0.09821666174427279
882,2.131999999999903,0.1468465927781118,0.09852814675346136
883,2.1329999999999028,0.1462589887231604,0.09789804463879037
884,2.1339999999999026,0.14652802109021415,0.09711001814923105
885,2.1349999999999025,0.1471178083681273,0.09713236502571423
886,2.1359999999999024,0.1482556984025005,0.09696916117330544
887,2.1369999999999023,0.14792496901595703,0.09688050163147828
888,2.137999999999902,0.14456866902727045,0.09458932261472609
889,2.138999999999902,0.14484804908228105,0.09553303254723454
890,2.139999999999902,0.14443528295665908,0.09359676619898843
891,2.140999999999902,0.14105152702426133,0.09297227968030698
892,2.1419999999999018,0.14006981216042416,0.0931292982535169
893,2.1429999999999017,0.1414638010332885,0.0922208938934335
894,2.1439999999999015,0.14267041702235367,0.09372908856763443
895,2.1449999999999014,0.13918303899015083,0.09124337373795478
896,2.1459999999999013,0.13812260676890484,0.09021332246829362
897,2.146999999999901,0.13870119823069577,0.09104867100572474
898,2.147999999999901,0.13993144349002914,0.09107246251225656
899,2.148999999999901,0.1395967577249613,0.09057454702680498
900,2.149999999999901,0.1374626944969536,0.0897502339817624
901,2.1509999999999008,0.1376059931573729,0.08948788909738277
902,2.1519999999999007,0.13666514164808002,0.0892895906555394
903,2.1529999999999005,0.13534846370686052,0.08711702508832206
904,2.1539999999999004,0.13653472642547448,0.0873179425247174
905,2.1549999999999003,0.13536538303525514,0.088364252752854
906,2.1559999999999,0.15626125952543335,0.09652665996238678
907,2.1569999999999,0.1343545507037135,0.0869504463116863
908,2.1579999999999,0.1357482872031413,0.0876907401601608
909,2.1589999999999,0.13412851656967284,0.08561367006724035
910,2.1599999999998998,0.1300799918917784,0.08536995772023177
911,2.1609999999998997,0.13787480166215277,0.08739648113630624
912,2.1619999999998996,0.13559835422573838,0.08571433210645976
913,2.1629999999998994,0.13320145693830052,0.0854271288074097
914,2.1639999999998993,0.12946885964778151,0.08348753122621161
915,2.1649999999998992,0.12845236579111874,0.08374255593950984
916,2.165999999999899,0.1326857152376644,0.08433607931210804
917,2.166999999999899,0.12851764406482064,0.08222268457667754
918,2.167999999999899,0.13021329069116647,0.08329411302344017
919,2.168999999999899,0.13853594863149632,0.08907700390836795
920,2.1699999999998987,0.12797092364192134,0.08230144108036638
921,2.1709999999998986,0.12803480842569315,0.08134280932626368
922,2.1719999999998985,0.12719427796078916,0.08127989609705806
923,2.1729999999998983,0.12755781220149928,0.0809247055672377
924,2.1739999999998982,0.12950242198894524,0.08146898307765967
925,2.174999999999898,0.12662620455626047,0.07966080667734804
926,2.175999999999898,0.1300948582921205,0.08205155454639927
927,2.176999999999898,0.12482648145176149,0.0802000905180595
928,2.177999999999898,0.12573588369759287,0.08025863563607426
929,2.1789999999998977,0.12362325188544644,0.07813710788319453
930,2.1799999999998976,0.12415556517903813,0.07832982804412868
931,2.1809999999998975,0.12142865128204576,0.07759115100314927
932,2.1819999999998974,0.1274090073678541,0.08064613653404226
933,2.1829999999998972,0.12360157086366295,0.07717327266665916
934,2.183999999999897,0.1233424560911451,0.07762612860055872
935,2.184999999999897,0.12051437003417953,0.0767856436770543
936,2.185999999999897,0.12054961952380469,0.0766063093462754
937,2.186999999999897,0.12283778300155647,0.07794263116013973
938,2.1879999999998967,0.12196051706272784,0.07718932217884257
939,2.1889999999998966,0.12180960665379256,0.07663045901835187
940,2.1899999999998965,0.12073300846420862,0.07564837186542647
941,2.1909999999998964,0.18541575087680773,0.12629668165657182
942,2.1919999999998963,0.11861243238289282,0.07422052017275119
943,2.192999999999896,0.1298986304000272,0.08204196841744323
944,2.193999999999896,0.12209384292405871,0.07582084650474345
945,2.194999999999896,0.12355025059479637,0.07613231089827331
946,2.195999999999896,0.1198410277195436,0.07404697778568008
947,2.1969999999998957,0.12108488650014078,0.07485045146650776
948,2.1979999999998956,0.11831145781335792,0.07391963438915265
949,2.1989999999998955,0.11649859927210811,0.07334448020146635
950,2.1999999999998954,0.11906450757614681,0.0723813967147178
951,2.2009999999998953,0.12125699753877539,0.07435919838586527
952,2.201999999999895,0.12246933410996323,0.07425331632277893
953,2.202999999999895,0.11816427319590711,0.07336263903470631
954,2.203999999999895,0.11776774324930944,0.07191719057451113
955,2.204999999999895,0.11924723669546533,0.07293218843472166
956,2.2059999999998947,0.11723403714255608,0.07133613611931625
957,2.2069999999998946,0.11882937059692521,0.07256047645719783
958,2.2079999999998945,0.12134822416029485,0.07294746584496345
959,2.2089999999998944,0.11445526645057617,0.070519779792919
960,2.2099999999998943,0.12050505083941658,0.07275350715914025
961,2.210999999999894,0.11674695247114471,0.07041119738865377
962,2.211999999999894,0.11647218896361182,0.07146703143547851
963,2.212999999999894,0.11241656268696607,0.06971540633317655
964,2.213999999999894,0.1168670740593755,0.0698956068796579
965,2.2149999999998937,0.13078319512874972,0.08312668518513656
966,2.2159999999998936,0.11441578465082847,0.06961571378975585
967,2.2169999999998935,0.11912768838440896,0.07151980802459422
968,2.2179999999998934,0.11388236196866204,0.06993925057167781
969,2.2189999999998933,0.11292580347918413,0.06954016117897516
970,2.219999999999893,0.11316780436690885,0.06962650830299248
971,2.220999999999893,0.1128341960990531,0.06972336071163054
972,2.221999999999893,0.11847964951637689,0.07164977101962362
973,2.222999999999893,0.11371813508314257,0.06928518703139083
974,2.2239999999998927,0.11257794780937498,0.06908162176448297
975,2.2249999999998926,0.10984776736164259,0.06718543642663935
976,2.2259999999998925,0.11542346930496263,0.06951364151327916
977,2.2269999999998924,0.11057452595867216,0.06770147505549953
978,2.2279999999998923,0.1227078095532164,0.07808070589980405
979,2.228999999999892,0.1133258451079226,0.06841456859036335
980,2.229999999999892,0.11560191402102973,0.07380383500521372
981,2.230999999999892,0.11139208554821285,0.06839926380063018
982,2.231999999999892,0.11037014044539306,0.06704009464001862
983,2.2329999999998917,0.11098704639385579,0.06812973234151118
984,2.2339999999998916,0.11201012823557975,0.06871904352973095
985,2.2349999999998915,0.11326021697788137,0.06728277920586591
986,2.2359999999998914,0.10755321559644107,0.06672926022015292
987,2.2369999999998913,0.11811422044887303,0.07238784096246288
988,2.237999999999891,0.11236575952287502,0.06724147729019815
989,2.238999999999891,0.15197003352082958,0.10338826421174581
990,2.239999999999891,0.11245074508722926,0.06689226761234308
991,2.240999999999891,0.18090042682373245,0.1283012288829325
992,2.2419999999998907,0.10944406688068246,0.06637579415843886
993,2.2429999999998906,0.10988889040910907,0.06539948449765966
994,2.2439999999998905,0.11052209083799253,0.06596211994714785
995,2.2449999999998904,0.110833033714018,0.06567574261965357
996,2.2459999999998903,0.1263549529480615,0.06732852076175583
997,2.24699999999989,0.11132648099071013,0.06629459490490845
998,2.24799999999989,0.11341496532535536,0.0673720964881609
999,2.24899999999989,0.11036821568189731,0.06474606951715513
1000,2.24999999999989,0.12476332102227286,0.0738985966405844
1001,2.2509999999998898,0.11288354915865066,0.06515970861858499
1002,2.2519999999998896,0.11192568767000276,0.0647897422028183
1003,2.2529999999998895,0.1127981776974995,0.06420618119560569
1004,2.2539999999998894,0.1112681954437972,0.06485083055687257
1005,2.2549999999998893,0.11833344035435785,0.06547047417622347
1006,2.255999999999889,0.10611614187039999,0.062036821821570394
1007,2.256999999999889,0.12978083908309512,0.07218062162226561
1008,2.257999999999889,0.10952541801269633,0.06408756976092594
1009,2.258999999999889,0.10852555989822642,0.06294418117957326
1010,2.2599999999998888,0.10777347306780759,0.06306784004034693
1011,2.2609999999998887,0.106865735024688,0.06302796996199381
1012,2.2619999999998885,0.10446387618063925,0.06178567498975072
1013,2.2629999999998884,0.11213986377182497,0.0670706062210935
1014,2.2639999999998883,0.10774250759546469,0.061790057864969744
1015,2.264999999999888,0.11024283422539134,0.06321368536486996
1016,2.265999999999888,0.18615597342070678,0.12586398682275526
1017,2.266999999999888,0.11234408512311979,0.06439560165222709
1018,2.267999999999888,0.10469305855246758,0.06270658834361865
1019,2.2689999999998878,0.11829495727681812,0.0644334189209155
1020,2.2699999999998877,0.10501218299972484,0.06239140182058118
1021,2.2709999999998876,0.10666302304182497,0.06304178348274901
1022,2.2719999999998874,0.10435946716256514,0.06155624089121537
1023,2.2729999999998873,0.10208782090740662,0.06097896403948507
1024,2.2739999999998872,0.10593924074715277,0.061761616065457096
1025,2.274999999999887,0.10331748493863258,0.06065146812410092
1026,2.275999999999887,0.104259823935552,0.05995183362967194
1027,2.276999999999887,0.10413052086670517,0.06145764979091112
1028,2.277999999999887,0.10247485791023059,0.06003189927926294
1029,2.2789999999998867,0.10213886633059412,0.05948723585990165
1030,2.2799999999998866,0.12148986695080702,0.07084006561701965
1031,2.2809999999998865,0.10428465672024759,0.06083719673056757
1032,2.2819999999998863,0.149064370611208,0.09814493369640931
1033,2.2829999999998862,0.10157163268000013,0.060054881945943696
1034,2.283999999999886,0.10614875328273277,0.060618815734098414
1035,2.284999999999886,0.10185053823186778,0.0573836766193192
1036,2.285999999999886,0.10549313619015806,0.06102858122937481
1037,2.286999999999886,0.10933198583727213,0.06286147625060047
1038,2.2879999999998857,0.10633584336642136,0.05991886485375491
1039,2.2889999999998856,0.10349642674828008,0.061576613536567314
1040,2.2899999999998855,0.10321121342446901,0.05779575327611147
1041,2.2909999999998854,0.10858274089351073,0.06101244307880317
1042,2.2919999999998852,0.10012508793645712,0.058444422131192164
1043,2.292999999999885,0.1113350443460137,0.059423599191100546
1044,2.293999999999885,0.10365400491074125,0.06064446045421447
1045,2.294999999999885,0.09980456169080353,0.05706068373927473
1046,2.295999999999885,0.1170593309010588,0.07975437678237678
1047,2.2969999999998847,0.10141260707656964,0.05800979656544683
1048,2.2979999999998846,0.11874518676295395,0.06867666206826635
1049,2.2989999999998845,0.10449025965472337,0.05820985446872078
1050,2.2999999999998844,0.10223713050396693,0.05871800710246786
1051,2.3009999999998842,0.10466405299485937,0.05913483105670777
1052,2.301999999999884,0.10609120055872936,0.05886029970899124
1053,2.302999999999884,0.09987717701600057,0.0576369191899305
1054,2.303999999999884,0.10004516917510131,0.058062196610745985
1055,2.304999999999884,0.10709984051523214,0.05781727170124618
1056,2.3059999999998837,0.10106888070708932,0.05731849574385206
1057,2.3069999999998836,0.10124661517060038,0.056563918206750025
1058,2.3079999999998835,0.10409946721797741,0.058686376468772325
1059,2.3089999999998834,0.10297883384214548,0.05636473092402265
1060,2.3099999999998833,0.10361330767525612,0.057084544867183236
1061,2.310999999999883,0.10107950489106304,0.058324223803178955
1062,2.311999999999883,0.10183715804210429,0.054948344021916035
1063,2.312999999999883,0.10154673597102148,0.05604097512736001
1064,2.313999999999883,0.11987236902060981,0.05477271535538304
1065,2.3149999999998827,0.10154330454229184,0.056512582248385825
1066,2.3159999999998826,0.10156637834994987,0.056049483082457614
1067,2.3169999999998825,0.09882636605332633,0.05589753260577655
1068,2.3179999999998824,0.10017787050985257,0.055813927448292604
1069,2.3189999999998823,0.10410195583250138,0.05714999256960651
1070,2.319999999999882,0.10081650673595521,0.05602062477803466
1071,2.320999999999882,0.1031337740616557,0.05681946900126703
1072,2.321999999999882,0.10271863059726202,0.05634486545318173
1073,2.322999999999882,0.09805708824188455,0.0547070763605143
1074,2.3239999999998817,0.10094371576686303,0.05550897453152116
1075,2.3249999999998816,0.10051102244637582,0.05586043144340089
1076,2.3259999999998815,0.09958888235246711,0.05517951705142505
1077,2.3269999999998814,0.09970535517430829,0.05560466752686859
1078,2.3279999999998813,0.10253814195789701,0.05658846965282283
1079,2.328999999999881,0.09986839644347838,0.05542730805280483
1080,2.329999999999881,0.10069452714459864,0.05648866302394232
1081,2.330999999999881,0.0996325886179417,0.054313079507067416
1082,2.331999999999881,0.09992565729939026,0.05474858033812681
1083,2.3329999999998807,0.1041780413934047,0.05548581364917595
1084,2.3339999999998806,0.10202411787340834,0.05623872864371892
1085,2.3349999999998805,0.09796191695113213,0.0548443951681006
1086,2.3359999999998804,0.09638383597310282,0.05277614259839297
1087,2.3369999999998803,0.10089956324857939,0.05499923174265844
1088,2.33799999999988,0.09550201319636287,0.05398436436726267
1089,2.33899999999988,0.10361235754887012,0.055079650964077825
1090,2.33999999999988,0.10101028024770224,0.054401944835689
1091,2.34099999999988,0.09569068371558864,0.05304190653584129
1092,2.3419999999998797,0.10314733768188718,0.05450331420902787
1093,2.3429999999998796,0.0980361481790044,0.05371778766188616
1094,2.3439999999998795,0.1017387494632669,0.054374118532023695
1095,2.3449999999998794,0.09834273442551589,0.05474981100814301
1096,2.3459999999998793,0.10277349681563286,0.05465714938386741
1097,2.346999999999879,0.10294859037307365,0.05358232135479302
1098,2.347999999999879,0.09922904948885072,0.053575864337872765
1099,2.348999999999879,0.11284682335488547,0.05889003274261921
1100,2.349999999999879,0.09885729410474783,0.05339239688336371
1101,2.3509999999998787,0.10038851683167813,0.05459595212831471
1102,2.3519999999998786,0.09772241014480625,0.05340853276231759
1103,2.3529999999998785,0.09765765015894408,0.052640812976442845
1104,2.3539999999998784,0.09778117940419953,0.05211438122905346
1105,2.3549999999998783,0.10165525726925634,0.05523059060460067
1106,2.355999999999878,0.1039892241182475,0.05484723017284088
1107,2.356999999999878,0.10485071613770269,0.05420836664257294
1108,2.357999999999878,0.09778892874426415,0.053750485981308854
1109,2.358999999999878,0.09936929357936024,0.052456989901834415
1110,2.3599999999998778,0.1003707991800083,0.054993388766061226
1111,2.3609999999998776,0.10598159927924278,0.054463835902901214
1112,2.3619999999998775,0.10202183250692161,0.0526986748018026
1113,2.3629999999998774,0.10252955136782675,0.053481265680321105
1114,2.3639999999998773,0.09853255179413939,0.051715038694537946
1115,2.364999999999877,0.09591209045952302,0.05122301784741228
1116,2.365999999999877,0.09975159457047944,0.05303748479209024
1117,2.366999999999877,0.0950903581974365,0.050890078363306376
1118,2.367999999999877,0.09914782056862369,0.052205723463365314
1119,2.3689999999998768,0.10332537066276527,0.05394594744525692
1120,2.3699999999998766,0.09708817043452704,0.051882137966513156
1121,2.3709999999998765,0.09739232773687569,0.05107672487568227
1122,2.3719999999998764,0.1012318883929255,0.05395644278222478
1123,2.3729999999998763,0.1308809846024323,0.07118863898160206
1124,2.373999999999876,0.10101349896296713,0.05268805188338239
1125,2.374999999999876,0.10053049352646831,0.05313999400446859
1126,2.375999999999876,0.09826927523155345,0.05424946396697747
1127,2.376999999999876,0.09556702760512302,0.0512691621570726
1128,2.3779999999998758,0.09958877829800968,0.0524027928462213
1129,2.3789999999998757,0.0944332449603114,0.05125187239023181
1130,2.3799999999998755,0.09925531059494454,0.05283186967753163
1131,2.3809999999998754,0.0977440800380364,0.051855158407586505
1132,2.3819999999998753,0.09822148080925966,0.05607414423078012
1133,2.382999999999875,0.09547622567729887,0.052066049462729434
1134,2.383999999999875,0.10063094612991562,0.05611399054788405
1135,2.384999999999875,0.10646206650065566,0.05267034225822964
1136,2.385999999999875,0.09415411845975284,0.05120844531190917
1137,2.3869999999998748,0.11159025810060726,0.05618679577841887
1138,2.3879999999998747,0.0963569535946264,0.049227480538632365
1139,2.3889999999998746,0.09567790425063781,0.0505838233014582
1140,2.3899999999998744,0.10455539632268238,0.05411489762296087
1141,2.3909999999998743,0.09682310693353142,0.051193058690820734
1142,2.3919999999998742,0.09994226147694749,0.050289076907062
1143,2.392999999999874,0.10270232393368857,0.05200566502194157
1144,2.393999999999874,0.10448300734299831,0.05382757141065163
1145,2.394999999999874,0.09732383447229868,0.04917849843046437
1146,2.395999999999874,0.09673380544843914,0.049967134298411514
1147,2.3969999999998737,0.09937711459746149,0.04999261869520986
1148,2.3979999999998736,0.10000885785478567,0.050456789770317874
1149,2.3989999999998735,0.09946810600919088,0.05055133229821109
1150,2.3999999999998733,0.09786899579940925,0.05036129790482454
1151,2.4009999999998732,0.09875808038720106,0.05035152002120085
1152,2.401999999999873,0.09756109343853993,0.04902298625303387
1153,2.402999999999873,0.09737902667710588,0.04784656030153472
1154,2.403999999999873,0.09955193618610483,0.0510542942899635
1155,2.404999999999873,0.09817040407287912,0.04983166479576211
1156,2.4059999999998727,0.09811497052458942,0.047838543642859443
1157,2.4069999999998726,0.09431048108327926,0.04716753248704363
1158,2.4079999999998725,0.1272637131478381,0.07030005122614442
1159,2.4089999999998724,0.09965826247195629,0.050671352890080366
1160,2.4099999999998722,0.10146643055138692,0.05057580498619701
1161,2.410999999999872,0.10017502579732622,0.04762125722971902
1162,2.411999999999872,0.09849499897257062,0.04640400750534106
1163,2.412999999999872,0.09774238373043435,0.05031517081599749
1164,2.413999999999872,0.10017218100401493,0.049741537564022255
1165,2.4149999999998717,0.10131424639348093,0.04971858279416299
1166,2.4159999999998716,0.09984614973540715,0.0478931170350935
1167,2.4169999999998715,0.09731249410763254,0.04683979233719052
1168,2.4179999999998714,0.09904058008891603,0.04714071326560545
1169,2.4189999999998713,0.10349636416964107,0.04946055720333421
1170,2.419999999999871,0.10419449006029631,0.05048772478582464
1171,2.420999999999871,0.0979792240925789,0.04723517228176045
1172,2.421999999999871,0.10144916928779048,0.04781426880819182
1173,2.422999999999871,0.09943274338175885,0.046804730049335046
1174,2.4239999999998707,0.09751130472021986,0.04630001779636025
1175,2.4249999999998706,0.09933733832502627,0.045733481083649115
1176,2.4259999999998705,0.10103688606879822,0.04729219550803095
1177,2.4269999999998704,0.09929710258945132,0.048884423296640944
1178,2.4279999999998703,0.09668687307428044,0.04500995917986797
1179,2.42899999999987,0.0967160879387561,0.04475382567520275
1180,2.42999999999987,0.09986373996252926,0.048838811557985286
1181,2.43099999999987,0.10678540239150781,0.04781077286724595
1182,2.43199999999987,0.18039435421099703,0.1205634667682715
1183,2.4329999999998697,0.10719549049863338,0.04692999787926556
1184,2.4339999999998696,0.1085760482640762,0.04716687318087507
1185,2.4349999999998695,0.09542650298245148,0.04641539865066706
1186,2.4359999999998694,0.1025949733203197,0.044487131413894786
1187,2.4369999999998693,0.1004278896649023,0.04284014861020657
1188,2.437999999999869,0.1044386767176667,0.04786713746522346
1189,2.438999999999869,0.10188531595898713,0.042986861722244765
1190,2.439999999999869,0.09960715523062473,0.0473001951889474
1191,2.440999999999869,0.10005987643006135,0.04693024636808022
1192,2.4419999999998687,0.09799614485034455,0.04270855876387589
1193,2.4429999999998686,0.1009991357758259,0.043669921270157654
1194,2.4439999999998685,0.10147982132853707,0.044444907727235305
1195,2.4449999999998684,0.10096280831561609,0.044080302593262045
1196,2.4459999999998683,0.10352721085111531,0.04512347000080699
1197,2.446999999999868,0.10114452004959008,0.04383809959486957
1198,2.447999999999868,0.10070610406404455,0.044878610636828964
1199,2.448999999999868,0.09712878777451836,0.04390263472520801
1200,2.449999999999868,0.10112480853860989,0.04612977615689794
1201,2.4509999999998677,0.10257547739678606,0.04539359045897829
1202,2.4519999999998676,0.09480910854809303,0.04387213635505772
1203,2.4529999999998675,0.09736241110132188,0.040191587225139755
1204,2.4539999999998674,0.13681822281765685,0.07186816753264226
1205,2.4549999999998673,0.09671441378098135,0.043273496349188284
1206,2.455999999999867,0.13910918946534573,0.07636812540433657
1207,2.456999999999867,0.09709117229720084,0.04680395489549619
1208,2.457999999999867,0.09763223299510033,0.046066392150150445
1209,2.458999999999867,0.11866129252443663,0.04918798264524208
1210,2.4599999999998667,0.09960604984927632,0.036979094026172776
1211,2.4609999999998666,0.10949939601165655,0.0463449129426213
1212,2.4619999999998665,0.11047904615697679,0.04273039725247568
1213,2.4629999999998664,0.09623848770437851,0.03959646698282058
1214,2.4639999999998663,0.10255116543575964,0.0464064646555429
1215,2.464999999999866,0.10267457269179169,0.0526732204774868
1216,2.465999999999866,0.10303441638924991,0.038213472075308424
1217,2.466999999999866,0.10293191744115526,0.041287628852471905
1218,2.467999999999866,0.10344779173322233,0.043185824520452276
1219,2.4689999999998657,0.10420141438372013,0.04019149050817913
1220,2.4699999999998656,0.10697709436588372,0.04259442267155003
1221,2.4709999999998655,0.10123842678366098,0.04033848955499116
1222,2.4719999999998654,0.10409305876172588,0.038978903792134964
1223,2.4729999999998653,0.1113221176147849,0.04586814454915401
1224,2.473999999999865,0.11044522697095313,0.04042063705796436
1225,2.474999999999865,0.11533550798768374,0.041185066972177144
1226,2.475999999999865,0.11523424979559448,0.041657050129609935
1227,2.476999999999865,0.11966012550671885,0.040888895344004826
1228,2.4779999999998648,0.1181184316174608,0.03843607263791215
1229,2.4789999999998646,0.10073516912986266,0.029654101926704562
1230,2.4799999999998645,0.1711685563526869,0.09480605899089581
1231,2.4809999999998644,0.11361817165254266,0.03443517175059646
1232,2.4819999999998643,0.09327224119778171,0.02453649746779169
1233,2.482999999999864,0.07646898013853196,0.044168633841346505
1234,2.483999999999864,0.11067598613477848,0.02376825345217625
1235,2.484999999999864,0.13344345778242225,0.040632805568102566
1236,2.485999999999864,0.12495296569710995,0.05061268383849735
1237,2.4869999999998638,0.08911694531453139,0.02601808863020672
1238,2.4879999999998637,0.051776916484662455,0.040848281367607736
1239,2.4889999999998635,0.11829968759294543,0.07828674074320639
1240,2.4899999999998634,0.1248314104610878,0.019603949857312543
1241,2.4909999999998633,0.21355624193166536,0.15452042473249258
1242,2.491999999999863,0.14465548310945592,0.02912148374960771
1243,2.492999999999863,0.14705352859449855,0.03719570543334247
1244,2.493999999999863,0.09746678012736135,0.05170702038508281
1245,2.494999999999863,0.10282269012984407,0.05229943330109592
1246,2.4959999999998628,0.13255385714822795,0.01863559362420221
1247,2.4969999999998627,0.08343758406133386,0.019382200842127804
1248,2.4979999999998626,0.0878506538552851,0.05097797172461591
1249,2.4989999999998624,0.1044329092533285,0.019002439223996657
1250,2.4999999999998623,0.09461194444094098,0.06235432021123024
1251,2.5009999999998622,0.12696006705441612,0.02131784150735609
1252,2.501999999999862,0.17502049331485456,0.11544549898231579
1253,2.502999999999862,0.10861690147361408,0.015310158747613134
1254,2.503999999999862,0.14366507124904918,0.03220457099068841
1255,2.504999999999862,0.0763461730742125,0.024897376979472894
1256,2.5059999999998617,0.1418087413761122,0.03573460353242211
1257,2.5069999999998616,0.13848436356764615,0.035101517330287935
1258,2.5079999999998615,0.12861758914317584,0.044439776375918436
1259,2.5089999999998613,0.099731815565088,0.024365595016754563
1260,2.5099999999998612,0.1010446933872534,0.026988833692341375
1261,2.510999999999861,0.1163263184303741,0.026145269104808033
1262,2.511999999999861,0.09149571518122378,0.038034290102197096
1263,2.512999999999861,0.1046103393170347,0.03954027360487987
1264,2.513999999999861,0.0958036617094227,0.03608978124451129
1265,2.5149999999998607,0.12768444147778507,0.03825363170724906
1266,2.5159999999998606,0.12250893779377914,0.03576577348448904
1267,2.5169999999998605,0.1041465541614607,0.032343683041923
1268,2.5179999999998603,0.10960196964239498,0.029379518760488995
1269,2.5189999999998602,0.11223874333524927,0.03225795814217276
1270,2.51999999999986,0.11539075126142238,0.0354351105154715
1271,2.52099999999986,0.11438821402116231,0.03217558911702086
1272,2.52199999999986,0.11842322202981465,0.034167725313540884
1273,2.52299999999986,0.11761360074726544,0.03556096796057587
1274,2.5239999999998597,0.11239674204272558,0.031581507633244146
1275,2.5249999999998596,0.10439292514554978,0.03071356728794934
1276,2.5259999999998595,0.19706123855539992,0.118622120683908
1277,2.5269999999998594,0.11846078866723288,0.03280858000853168
1278,2.5279999999998592,0.10453230074880292,0.03031889693516426
1279,2.528999999999859,0.11744757680238622,0.030402503171623112
1280,2.529999999999859,0.12210797372126388,0.026435070156443547
1281,2.530999999999859,0.12828158813975346,0.029992338139982918
1282,2.531999999999859,0.1272380916993678,0.029254883012398397
1283,2.5329999999998587,0.12620568438553167,0.030137104894350765
1284,2.5339999999998586,0.11222068042069402,0.032970539139671226
1285,2.5349999999998585,0.11875060816722495,0.027268198439715306
1286,2.5359999999998584,0.11837240335068257,0.0289675276183922
1287,2.5369999999998583,0.13789193706346983,0.04209272750446619
1288,2.537999999999858,0.12457238941526891,0.02608731992351891
1289,2.538999999999858,0.15165278618310787,0.060212609962435375
1290,2.539999999999858,0.11478923016971686,0.026015698058252504
1291,2.540999999999858,0.11361305259911873,0.02788187997697827
1292,2.5419999999998577,0.1166550479043592,0.024844445012365053
1293,2.5429999999998576,0.11769600762750841,0.02560605706793388
1294,2.5439999999998575,0.12137759685424208,0.025381050517731766
1295,2.5449999999998574,0.12020123948675075,0.027312591778257095
1296,2.5459999999998573,0.12419708214496776,0.027776654066889464
1297,2.546999999999857,0.12355696033777261,0.026230223956433468
1298,2.547999999999857,0.12615345205554387,0.03340717647831939
1299,2.548999999999857,0.12545989894146062,0.023304046981414077
1300,2.549999999999857,0.12494331405477864,0.022905593609333082
1301,2.5509999999998567,0.126669539865494,0.025594162681274613
1302,2.5519999999998566,0.12921242831187513,0.024247517743589672
1303,2.5529999999998565,0.12864296604897438,0.020326668408518964
1304,2.5539999999998564,0.13466386845882547,0.02630618769485047
1305,2.5549999999998563,0.11834123397988568,0.02183430786117666
1306,2.555999999999856,0.12125715777676788,0.01970146270285988
1307,2.556999999999856,0.1383552231390284,0.025590112266987115
1308,2.557999999999856,0.11985606175944823,0.02087109514682393
1309,2.558999999999856,0.12656947906663518,0.01967513773876654
1310,2.5599999999998557,0.13608474687048383,0.018914957471929984
1311,2.5609999999998556,0.131793820678557,0.020774332200121412
1312,2.5619999999998555,0.12803860225783031,0.023772559774169345
1313,2.5629999999998554,0.12257193889835463,0.0162502519749784
1314,2.5639999999998553,0.127866917430471,0.018794005181356974
1315,2.564999999999855,0.13457245686522964,0.019590660140553627
1316,2.565999999999855,0.13755485036242895,0.02250250370907933
1317,2.566999999999855,0.13953524227547226,0.01798742599297281
1318,2.567999999999855,0.139684992668713,0.020643877192374597
1319,2.5689999999998547,0.1378791608697118,0.018048408781642686
1320,2.5699999999998546,0.13936878815729115,0.01559525425940203
1321,2.5709999999998545,0.13982212297002022,0.017378354458220783
1322,2.5719999999998544,0.13822693665190242,0.016715937051172306
1323,2.5729999999998543,0.1399772391845672,0.018324845407229354
1324,2.573999999999854,0.140037931486192,0.0168025294750054
1325,2.574999999999854,0.14438788691111362,0.014504235949453527
1326,2.575999999999854,0.15086098641607404,0.03835426911068523
1327,2.576999999999854,0.14093389370820295,0.015021722990203172
1328,2.5779999999998537,0.14028641230088412,0.01331951106566277
1329,2.5789999999998536,0.14345495415358614,0.01335419520056661
1330,2.5799999999998535,0.15286980666682523,0.014998933754876896
1331,2.5809999999998534,0.14262406019437973,0.015166711993861322
1332,2.5819999999998533,0.15006292859128972,0.012149061993838207
1333,2.582999999999853,0.15211502760482162,0.01668894005900535
1334,2.583999999999853,0.1533036495937567,0.020111278461149403
1335,2.584999999999853,0.15893177514539822,0.027381058093588925
1336,2.585999999999853,0.15067405919648724,0.014251903287920848
1337,2.5869999999998528,0.3298623001016372,0.19507171104454035
1338,2.5879999999998526,0.15390851060877606,0.01799556417141794
1339,2.5889999999998525,0.16710210723891608,0.015446990208569135
1340,2.5899999999998524,0.16018321640242927,0.014276611183726641
1341,2.5909999999998523,0.16121658141985434,0.016603316066769368
1342,2.591999999999852,0.16835873820868497,0.01845989721631883
1343,2.592999999999852,0.164795257078398,0.01848255528108038
1344,2.593999999999852,0.18489432981474221,0.023394833809331765
1345,2.594999999999852,0.17338617460672642,0.021169932788078806
1346,2.5959999999998518,0.18754376550540203,0.04816882261724536
1347,2.5969999999998516,0.17509019717988972,0.0204238393353
1348,2.5979999999998515,0.17656317507868577,0.02082634761452051
1349,2.5989999999998514,0.17494352783608696,0.0166471950024566
1350,2.5999999999998513,0.18090912658984837,0.023613745410103245
1351,2.600999999999851,0.18685710930105578,0.02584018781653738
1352,2.601999999999851,0.18908775130849717,0.022754680893679567
1353,2.602999999999851,0.18654031605251656,0.026036856948860994
1354,2.603999999999851,0.18428207406178063,0.024388610591619016
1355,2.6049999999998508,0.2016386345768385,0.027060561370188033
1356,2.6059999999998507,0.18951133912460363,0.024883373471092582
1357,2.6069999999998505,0.20695004529386105,0.031034541567816966
1358,2.6079999999998504,0.20683541465096694,0.03109460541088158
1359,2.6089999999998503,0.20993473875347365,0.02922865084864256
1360,2.60999999999985,0.2071544622737873,0.03483446284839665
1361,2.61099999999985,0.20794752289223808,0.0358492909742142
1362,2.61199999999985,0.21070844045669612,0.03819804091394804
1363,2.61299999999985,0.2141808367713685,0.03475402464370914
1364,2.6139999999998498,0.21780515133163184,0.03958285167121201
1365,2.6149999999998497,0.22694566620345963,0.039142542806056536
1366,2.6159999999998496,0.23471133254347404,0.04064555911693134
1367,2.6169999999998494,0.24036281867016313,0.04456253311436766
1368,2.6179999999998493,0.23902850997305744,0.045489427145276824
1369,2.6189999999998492,0.2482995284324902,0.04632150576267284
1370,2.619999999999849,0.24540772291416518,0.048230867530470095
1371,2.620999999999849,0.25625709277033315,0.05087092775986212
1372,2.621999999999849,0.32011037437726214,0.09803602066851369
1373,2.622999999999849,0.26435400857408947,0.05531570990601216
1374,2.6239999999998487,0.27380928735885746,0.05972565999672545
1375,2.6249999999998486,0.27258165953416275,0.05857074540520584
1376,2.6259999999998485,0.28978114864643145,0.06191405459069741
1377,2.6269999999998483,0.2833259284037308,0.06263639664366605
1378,2.6279999999998482,0.297183361219315,0.0694178404428279
1379,2.628999999999848,0.3111230762764047,0.07311743325670167
1380,2.629999999999848,0.3183152215324451,0.06957549880134817
1381,2.630999999999848,0.33109348547923834,0.07896463672279078
1382,2.631999999999848,0.3195240633454875,0.08039128213682047
1383,2.6329999999998477,0.3821111038278929,0.08591702164337862
1384,2.6339999999998476,0.3500394176068737,0.08198709904634256
1385,2.6349999999998475,0.3535641004467367,0.08815266821602105
1386,2.6359999999998474,0.3901835962127091,0.09317218303798373
1387,2.6369999999998472,0.3885299807126553,0.09293692927795295
1388,2.637999999999847,0.40801493698647207,0.09932711266600044
1389,2.638999999999847,0.39151191227908105,0.10317669622452486
1390,2.639999999999847,0.4214017423926326,0.1074101365657227
1391,2.640999999999847,0.43068583031938806,0.10749494517611768
1392,2.6419999999998467,0.4435303850769899,0.11662067422424967
1393,2.6429999999998466,0.44435299437373504,0.11702390572593989
1394,2.6439999999998465,0.4838706383501328,0.12471071842393865
1395,2.6449999999998464,0.5142367827713881,0.13360569407088638
1396,2.6459999999998463,0.5123425128947457,0.13391861820580764
1397,2.646999999999846,0.5521496048606392,0.1442306334825085
1398,2.647999999999846,0.5524113895181185,0.14449122379478857
1399,2.648999999999846,0.6053274498635787,0.15544355473013546
1400,2.649999999999846,0.6014805475774416,0.15432615260600913
1401,2.6509999999998457,0.633061457825065,0.16759255170867102
1402,2.6519999999998456,0.7056168699019835,0.17841517575315258
1403,2.6529999999998455,0.6967121354132267,0.18359773558577352
1404,2.6539999999998454,0.6949088912301192,0.18188542243233846
1405,2.6549999999998453,0.7793002734546655,0.2108603624877379
1406,2.655999999999845,0.8574915916285001,0.20817906909873143
1407,2.656999999999845,0.8465801193987981,0.21026922169492152
1408,2.657999999999845,0.9415118309696254,0.23623417919288364
1409,2.658999999999845,1.0417065680063555,0.2569606824126463
1410,2.6599999999998447,1.0621329189995101,0.2560179799421853
1411,2.6609999999998446,1.1786024177966778,0.2781330061019302
1412,2.6619999999998445,1.1903612066040794,0.27331885827477953
1413,2.6629999999998444,1.352575052098409,0.2999479019567362
1414,2.6639999999998443,1.378639548107109,0.29468937134781537
1415,2.664999999999844,1.5345052164633137,0.3321384855380408
1416,2.665999999999844,1.5432177645402783,0.33432391897987357
1417,2.666999999999844,1.7468256229816734,0.3678509621135652
1418,2.667999999999844,1.9646541163962106,0.40233241250780766
1419,2.6689999999998437,1.9459205945110063,0.4071999156463367
1420,2.6699999999998436,2.0923357109558514,0.45891313988816074
1421,2.6709999999998435,2.152802112481028,0.504934075790148
1422,2.6719999999998434,2.1620192351374903,0.504290412317982
1423,2.6729999999998433,2.110338093812554,0.5653786163677448
1424,2.673999999999843,2.0946386360576135,0.5703328130973238
1425,2.674999999999843,1.9578831290282441,0.6378755566583544
1426,2.675999999999843,1.9239987784615307,0.6443674175633612
1427,2.676999999999843,1.8319137368356675,0.7155088956112925
1428,2.6779999999998427,1.7613154855688962,0.7277670195737141
1429,2.6789999999998426,1.7615899637526058,0.755124420258801
1430,2.6799999999998425,1.3793112544448238,0.8919106510339683
1431,2.6809999999998424,1.4057352517131896,0.8603706265841676
1432,2.6819999999998423,1.2292951993798957,0.909378953287995
1433,2.682999999999842,1.221059593339121,0.9111874294889781
1434,2.683999999999842,1.0652723425327542,0.9738875524629818
1435,2.684999999999842,1.0609862606461158,0.975306170919006
1436,2.685999999999842,0.9407422608365494,0.9664188789360918
1437,2.6869999999998417,0.8379674821796784,0.92333680590122
1438,2.6879999999998416,0.8304875380205602,0.9212265487408771
1439,2.6889999999998415,0.7558459512343808,0.8667751648571936
1440,2.6899999999998414,0.7715816609784624,0.8793257224571654
1441,2.6909999999998413,0.7075019768964527,0.7955793877348446
1442,2.691999999999841,0.6897061821881039,0.8149578052621784
1443,2.692999999999841,0.6454399014168454,0.7484946040647731
1444,2.693999999999841,0.651292823506006,0.742129493424463
1445,2.694999999999841,0.6124835274104939,0.6893398463302358
1446,2.6959999999998407,0.8240393788138648,0.8254554808310685
1447,2.6969999999998406,0.5792863296762721,0.6433340249321337
1448,2.6979999999998405,0.7408557396490506,0.6058517286000195
1449,2.6989999999998404,0.5505059638193639,0.600961777130014
1450,2.6999999999998403,0.5255975025688815,0.5661884648230971
1451,2.70099999999984,0.5216950888176332,0.5648360979550162
1452,2.70199999999984,0.5230067116718689,0.5632257997069494
1453,2.70299999999984,0.47992578051482093,0.49977473508091563
1454,2.70399999999984,0.48597393600843586,0.5062988477659689
1455,2.7049999999998398,0.47991228518931195,0.47150108323807444
1456,2.7059999999998396,0.449300028154063,0.4584895486604222
1457,2.7069999999998395,0.44545888919686594,0.45476407672177066
1458,2.7079999999998394,0.4613431410103291,0.4488654251326164
1459,2.7089999999998393,0.431171059562644,0.433695113685866
1460,2.709999999999839,0.41687972445721655,0.4168938005096097
1461,2.710999999999839,0.41875296642553467,0.4130089895397644
1462,2.711999999999839,0.40598565495694544,0.3947075452475655
1463,2.712999999999839,0.40903898449358095,0.39010140032281393
1464,2.7139999999998388,0.3968695272804072,0.38495315588262535
1465,2.7149999999998387,0.39440683847766544,0.36546735079842513
1466,2.7159999999998385,0.4030285825000956,0.3678052520374975
1467,2.7169999999998384,0.38457523649370606,0.35328615024223287
1468,2.7179999999998383,0.3822425734920158,0.3527608327718492
1469,2.718999999999838,0.37459236786336597,0.34450304004120497
1470,2.719999999999838,0.3721090147772471,0.3460878571629953
1471,2.720999999999838,0.3638878265972954,0.33358260468273854
1472,2.721999999999838,0.4421656156658833,0.3830595251803301
1473,2.7229999999998378,0.35517031543156885,0.3243533354598194
1474,2.7239999999998377,0.40182335383150203,0.3061397406778086
1475,2.7249999999998376,0.34565897843211624,0.3163655078036676
1476,2.7259999999998374,0.3485292136118853,0.3179102466026163
1477,2.7269999999998373,0.3304370101850215,0.3010716402026218
1478,2.727999999999837,0.3379208960968523,0.29930522965681283
1479,2.728999999999837,0.3248418143678844,0.2911295342436992
1480,2.729999999999837,0.3282948573008532,0.29031557571581534
1481,2.730999999999837,0.3274461108263194,0.28758361921071257
1482,2.731999999999837,0.32738406511221424,0.2857308220634933
1483,2.7329999999998367,0.3139843248159872,0.28844076527881723
1484,2.7339999999998366,0.31186710798105644,0.2726710502503732
1485,2.7349999999998365,0.30969554894649964,0.27569781591107206
1486,2.7359999999998363,0.30969738928518825,0.2767125792885767
1487,2.7369999999998362,0.31186061187610875,0.27637713923041535
1488,2.737999999999836,0.3094454958007731,0.2683103345029517
1489,2.738999999999836,0.30065567920552505,0.2659928436058464
1490,2.739999999999836,0.30891569996394325,0.26450505607745334
1491,2.740999999999836,0.3009938029945988,0.2667920581667859
1492,2.7419999999998357,0.295740967258536,0.25799759554450236
1493,2.7429999999998356,0.2925578242458392,0.2538247787069609
1494,2.7439999999998355,0.29227317180647616,0.25617249953182497
1495,2.7449999999998353,0.2895516375337836,0.2524128350759216
1496,2.7459999999998352,0.33574866901610806,0.2854498523138028
1497,2.746999999999835,0.28510854813227654,0.24845062506767268
1498,2.747999999999835,0.43768652104568795,0.36473360261852916
1499,2.748999999999835,0.28066263358621935,0.24452970219380657
1500,2.749999999999835,0.27980042827024626,0.24087731060309153
1501,2.7509999999998347,0.27735543591390827,0.24071178861347153
1502,2.7519999999998346,0.2784976573696682,0.23822192965416597
1503,2.7529999999998345,0.2758115610360683,0.23906865577263703
1504,2.7539999999998344,0.27993804299405134,0.24047956469313417
1505,2.7549999999998342,0.27161444705261967,0.23069339738886843
1506,2.755999999999834,0.26858575793759354,0.2318311124478409
1507,2.756999999999834,0.2768644144196454,0.23378586370593935
1508,2.757999999999834,0.265807588567902,0.23123620774356707
1509,2.758999999999834,0.32885800476147364,0.2724494026325472
1510,2.7599999999998337,0.27158449600229756,0.2321760684921408
1511,2.7609999999998336,0.26302807727934585,0.22743938216775836
1512,2.7619999999998335,0.26149328041075515,0.22656706842928157
1513,2.7629999999998334,0.2607282222325937,0.22411036276211127
1514,2.7639999999998333,0.2582720530786634,0.22133708235446523
1515,2.764999999999833,0.2597289245351907,0.220304317994535
1516,2.765999999999833,0.2590627262967853,0.21941341785647062
1517,2.766999999999833,0.2563825478934086,0.21903968037168292
1518,2.767999999999833,0.2599150019459926,0.21845971176942064
1519,2.7689999999998327,0.25623121080016675,0.21756271140347314
1520,2.7699999999998326,0.25459632429902745,0.21711056258424544
1521,2.7709999999998325,0.25507981582623135,0.21567660783747883
1522,2.7719999999998324,0.2554843249394071,0.21619616442035902
1523,2.7729999999998323,0.25489825825140716,0.2154506275040968
1524,2.773999999999832,0.2509487053084642,0.21222963494955477
1525,2.774999999999832,0.2538145297328645,0.21483858463529729
1526,2.775999999999832,0.2498818798121094,0.2103276318464503
1527,2.776999999999832,0.24866887029929938,0.2087952117607246
1528,2.7779999999998317,0.2514201077956205,0.21228901940768558
1529,2.7789999999998316,0.2508453252733529,0.21145420752299665
1530,2.7799999999998315,0.24602962514219812,0.2063609273530474
1531,2.7809999999998314,0.26383268410554855,0.2137440224697166
1532,2.7819999999998313,0.24949972442828575,0.21048025345365073
1533,2.782999999999831,0.27983175889062306,0.2220413777790772
1534,2.783999999999831,0.2413435691006535,0.20358653704353932
1535,2.784999999999831,0.3597265328966408,0.28951532465069707
1536,2.785999999999831,0.24121143069535386,0.20352341648802097
1537,2.7869999999998307,0.23998741911203259,0.2027480516685647
1538,2.7879999999998306,0.239768509913895,0.20279533852104353
1539,2.7889999999998305,0.24399403139649786,0.20422319202219377
1540,2.7899999999998304,0.2406614895261758,0.20148699654051533
1541,2.7909999999998303,0.2395501522919555,0.200657896370198
1542,2.79199999999983,0.24154114511176686,0.20227252527386924
1543,2.79299999999983,0.23933681284194383,0.2002462908441127
1544,2.79399999999983,0.24009499961056455,0.20078950730881084
1545,2.79499999999983,0.23812774771613004,0.20020072543256126
1546,2.7959999999998297,0.23951270343140582,0.1999779910092436
1547,2.7969999999998296,0.2395744787469085,0.19999548458488792
1548,2.7979999999998295,0.23903088897057273,0.19994852059258578
1549,2.7989999999998294,0.2382886690430814,0.19963517092896413
1550,2.7999999999998293,0.2389286845374163,0.1999594591081029
