,f_kHz,A_ch1,A_ch2
0,1.25,0.07142641428607938,0.09199434903308046
1,1.251,0.0766752769039885,0.09847848956632699
2,1.2519999999999998,0.07574050728093293,0.09213271398141253
3,1.2529999999999997,0.07306143200994342,0.0922986297369492
4,1.2539999999999996,0.07489988462691942,0.09168146943564323
5,1.2549999999999994,0.07340942847897612,0.09392899525013933
6,1.2559999999999993,0.07518607550535657,0.10265547437632516
7,1.2569999999999992,0.07738718563043577,0.10118480759288039
8,1.2579999999999991,0.07447690231232085,0.10344830349541152
9,1.258999999999999,0.07999754254849957,0.10156292982431238
10,1.259999999999999,0.07996221965718442,0.10247512189913964
11,1.2609999999999988,0.08047134684305861,0.10435468107219467
12,1.2619999999999987,0.07663311541405717,0.10519100508872864
13,1.2629999999999986,0.07969584812813273,0.1075968729378461
14,1.2639999999999985,0.08224612038970856,0.10642497043487414
15,1.2649999999999983,0.07998139733943617,0.10917134940501715
16,1.2659999999999982,0.08679089955019538,0.11165797262542851
17,1.2669999999999981,0.08154079571883041,0.11247607488514864
18,1.267999999999998,0.08455086031771401,0.11506190644003442
19,1.268999999999998,0.08740119107030792,0.11448523956398243
20,1.2699999999999978,0.09491322820113711,0.11655688149810278
21,1.2709999999999977,0.08923987193904781,0.11893054076477763
22,1.2719999999999976,0.09829593771205711,0.1218362281628171
23,1.2729999999999975,0.08657995045566984,0.12040275165759033
24,1.2739999999999974,0.08643740328148455,0.12253367792137893
25,1.2749999999999972,0.08974682612917707,0.12611023241890848
26,1.2759999999999971,0.09617244564691513,0.12638755794819995
27,1.276999999999997,0.0969034506823387,0.12956036388547756
28,1.277999999999997,0.0884092947281646,0.12872002403861124
29,1.2789999999999968,0.09207754259713535,0.1329953793377799
30,1.2799999999999967,0.0937401370465319,0.13095634494431316
31,1.2809999999999966,0.09378607175932714,0.13583444854818272
32,1.2819999999999965,0.09887500785016015,0.14110902397818806
33,1.2829999999999964,0.10452565858759083,0.1411906879228917
34,1.2839999999999963,0.10257975823113522,0.14456778651836877
35,1.2849999999999961,0.0989565130700539,0.1445458707717382
36,1.285999999999996,0.10183119235287129,0.14848499283310662
37,1.286999999999996,0.10401681141351539,0.14830196666032186
38,1.2879999999999958,0.10183003479059448,0.15262112905607486
39,1.2889999999999957,0.10075394121891573,0.1532925259103536
40,1.2899999999999956,0.10897854260384779,0.15703645225686327
41,1.2909999999999955,0.10673731941936272,0.1578932268585707
42,1.2919999999999954,0.11073887634238067,0.16211942178548133
43,1.2929999999999953,0.11399286659921724,0.16221237153412382
44,1.2939999999999952,0.11288395078107186,0.16753581641041343
45,1.294999999999995,0.11481329736712112,0.17318935724009066
46,1.295999999999995,0.1199417662422606,0.17534486111395853
47,1.2969999999999948,0.11892499735650333,0.17936698329122605
48,1.2979999999999947,0.23574711753995178,0.2774419538762976
49,1.2989999999999946,0.12319781233853258,0.18611458702941244
50,1.2999999999999945,0.1264389876225055,0.1928730643211443
51,1.3009999999999944,0.12926351477478223,0.19308172215595182
52,1.3019999999999943,0.13204016731007134,0.20027892641605957
53,1.3029999999999942,0.13212152717725398,0.2002346173536977
54,1.303999999999994,0.13298982709510807,0.20052407315037307
55,1.304999999999994,0.13887030876862574,0.2088263375693276
56,1.3059999999999938,0.14449141333774831,0.21720829186773985
57,1.3069999999999937,0.14594222311573726,0.22591975503475878
58,1.3079999999999936,0.1496679295220041,0.22765640475657128
59,1.3089999999999935,0.157455100101117,0.2380826891942608
60,1.3099999999999934,0.1565964188977906,0.23824191784122017
61,1.3109999999999933,0.16445433531511408,0.2501767832401647
62,1.3119999999999932,0.163939347823804,0.2508690610909976
63,1.312999999999993,0.17263834142110054,0.26316812998237893
64,1.313999999999993,0.1719466050379223,0.2609502942011687
65,1.3149999999999928,0.185335728807875,0.27651899373808664
66,1.3159999999999927,0.18054626682641337,0.2759597543276252
67,1.3169999999999926,0.19302024623230937,0.2901233939565744
68,1.3179999999999925,0.2041657192325977,0.3065141086222857
69,1.3189999999999924,0.2053037672653749,0.3098034439308028
70,1.3199999999999923,0.22637784099101946,0.32880683933717486
71,1.3209999999999922,0.21870903568680167,0.3292872754420265
72,1.321999999999992,0.23482457927613146,0.3497625865124079
73,1.322999999999992,0.2520259767575793,0.3733826375374981
74,1.3239999999999919,0.25513310540891243,0.3729595815014146
75,1.3249999999999917,0.2807912362016563,0.40032565450060825
76,1.3259999999999916,0.2741044758430753,0.3991684797486153
77,1.3269999999999915,0.2839652659655407,0.42921334883088796
78,1.3279999999999914,0.2981116219154865,0.4309877857358198
79,1.3289999999999913,0.4563110650361981,0.5284806783955613
80,1.3299999999999912,0.3624867496919295,0.5063170665865704
81,1.330999999999991,0.3658217257437833,0.5049668084858483
82,1.331999999999991,0.3635416552137901,0.5058893053616992
83,1.3329999999999909,0.40954482303160405,0.5473022965991314
84,1.3339999999999907,0.4500186815950213,0.6027990609662459
85,1.3349999999999906,0.4628200893002267,0.6018987610297084
86,1.3359999999999905,0.5416831850213795,0.6538123136644264
87,1.3369999999999904,0.6157367205555172,0.7136811538292607
88,1.3379999999999903,0.6099560828750186,0.7115189447780188
89,1.3389999999999902,0.707038566013331,0.761882919870763
90,1.33999999999999,0.5203868285532719,0.6769837371057456
91,1.34099999999999,0.8337848763770749,0.8061875386485662
92,1.3419999999999899,0.8208440003541277,0.8021966953005321
93,1.3429999999999898,0.9318609795679226,0.8289349631358435
94,1.3439999999999896,0.9188158999870427,0.8369989823658935
95,1.3449999999999895,0.9529539191953036,0.8461737854816218
96,1.3459999999999894,0.9225824556909912,0.8356086499528295
97,1.3469999999999893,0.92126239778215,0.8364492905696076
98,1.3479999999999892,0.8220135829803662,0.8038958974493393
99,1.348999999999989,0.820761773528705,0.8038222194491685
100,1.349999999999989,0.7018175459814279,0.7591350001101517
101,1.3509999999999889,0.704008320741346,0.7584608748204895
102,1.3519999999999888,0.5940723763744873,0.7034247802869447
103,1.3529999999999887,0.6037518629422886,0.7062704295248985
104,1.3539999999999885,0.5149706818517124,0.6469291755987296
105,1.3549999999999884,0.5151057888565503,0.6459473600432303
106,1.3559999999999883,0.4468903886872114,0.5933913967462506
107,1.3569999999999882,0.3921353535518235,0.5413912366628376
108,1.357999999999988,0.30908651977994334,0.48595824294272627
109,1.358999999999988,0.35378686770230944,0.49984278457781484
110,1.3599999999999879,0.32053256873075936,0.46254702581297485
111,1.3609999999999878,0.3198320957041888,0.4649750389768951
112,1.3619999999999877,0.2968574307884093,0.42828939260722676
113,1.3629999999999876,0.29486068740546767,0.43069365654376673
114,1.3639999999999874,0.2710763891712979,0.39673715922093233
115,1.3649999999999873,0.2528622593478274,0.37166847231569117
116,1.3659999999999872,0.2492829070598841,0.3695931761577195
117,1.3669999999999871,0.2644428060281563,0.35215802814361197
118,1.367999999999987,0.2372710112241486,0.3473138499404814
119,1.368999999999987,0.1767486877720936,0.3028752210209661
120,1.3699999999999868,0.21752661412183052,0.3277656495651065
121,1.3709999999999867,0.20599340676238073,0.3086602603938729
122,1.3719999999999866,0.2067178004199322,0.30684865825501656
123,1.3729999999999865,0.1930406998635296,0.2909342782232531
124,1.3739999999999863,0.1929828966579237,0.2906161144042951
125,1.3749999999999862,0.18490642843566646,0.2757856700450913
126,1.3759999999999861,0.17488392795332364,0.26314548044970437
127,1.376999999999986,0.17229499313287114,0.26184972919959604
128,1.377999999999986,0.1639400510373142,0.24850437293398508
129,1.3789999999999858,0.16514762501434951,0.24911183285163474
130,1.3799999999999857,0.1600089692686084,0.23763268046360642
131,1.3809999999999856,0.15594178596372,0.22828144315227136
132,1.3819999999999855,0.15019338666746662,0.22742639251321084
133,1.3829999999999854,0.14593370223890784,0.2166982478126011
134,1.3839999999999852,0.14742916636520417,0.21821568335443892
135,1.3849999999999851,0.1410228627176452,0.2084982967093848
136,1.385999999999985,0.13981994587850552,0.20953603899634077
137,1.386999999999985,0.13481591683729824,0.2008658470380374
138,1.3879999999999848,0.13386402933989414,0.19346776472862315
139,1.3889999999999847,0.12986200851810656,0.19333002347874492
140,1.3899999999999846,0.13003616944023125,0.18712722964120762
141,1.3909999999999845,0.12808150014819727,0.1870132270327985
142,1.3919999999999844,0.12336606215031269,0.17986345426960623
143,1.3929999999999843,0.13520965110198085,0.1851197000479305
144,1.3939999999999841,0.11850238788147119,0.1741548754560568
145,1.394999999999984,0.11985476486412008,0.17372071621249885
146,1.395999999999984,0.11545341810625183,0.16868798274048824
147,1.3969999999999838,0.1086258573060029,0.1627051149547032
148,1.3979999999999837,0.11175189763793016,0.16308415165452836
149,1.3989999999999836,0.1117156462403085,0.15783288189682632
150,1.3999999999999835,0.109140074206769,0.1579393810955171
151,1.4009999999999834,0.10991519731400712,0.1533197834183275
152,1.4019999999999833,0.10835632239726889,0.15392012146638234
153,1.4029999999999831,0.10392611323594246,0.14909882817192166
154,1.403999999999983,0.112774748655923,0.1436654172529266
155,1.404999999999983,0.09923592869087575,0.14469775167341176
156,1.4059999999999828,0.12277328297986678,0.14840628632520397
157,1.4069999999999827,0.09748069375572241,0.14032737448247853
158,1.4079999999999826,0.09394510143919503,0.1363797520003213
159,1.4089999999999825,0.09464195036827275,0.1332566169189087
160,1.4099999999999824,0.10002443811352711,0.13425055184322476
161,1.4109999999999823,0.0921269356252835,0.1300834309397975
162,1.4119999999999822,0.09536578010834136,0.12922726208476745
163,1.412999999999982,0.09226915830231457,0.1263227071997287
164,1.413999999999982,0.08961439052387288,0.12588497600656212
165,1.4149999999999818,0.08573780786234834,0.12270048314011925
166,1.4159999999999817,0.09023277489393368,0.12057398793818397
167,1.4169999999999816,0.08747857930200104,0.12089629259733399
168,1.4179999999999815,0.08706000845203964,0.11790400698903485
169,1.4189999999999814,0.0840756262351209,0.1177537914369569
170,1.4199999999999813,0.09180494031036644,0.11607372412342971
171,1.4209999999999812,0.08747059773450518,0.1158248790225757
172,1.421999999999981,0.08380650166776807,0.11215928710244207
173,1.422999999999981,0.08644814742466608,0.11016060754351115
174,1.4239999999999808,0.08154103400399969,0.10963532427222623
175,1.4249999999999807,0.07758526467337803,0.10720002741036523
176,1.4259999999999806,0.07675294879850031,0.10807049739587346
177,1.4269999999999805,0.08024845133221109,0.10551146040074956
178,1.4279999999999804,0.0772676485426859,0.104787682221004
179,1.4289999999999803,0.07715627053940284,0.10354555532290965
180,1.4299999999999802,0.07831893994653442,0.10277667660226192
181,1.43099999999998,0.07495064316480587,0.10149550721025584
182,1.43199999999998,0.07494502614953466,0.0988539609571876
183,1.4329999999999798,0.07744902581192276,0.09900882347632746
184,1.4339999999999797,0.07889790481444256,0.0981241247357507
185,1.4349999999999796,0.07635764161435282,0.09517113168259787
186,1.4359999999999795,0.07615888691906204,0.09548560379507696
187,1.4369999999999794,0.07502312538776046,0.09386428900622855
188,1.4379999999999793,0.07263601845513427,0.09387621519770131
189,1.4389999999999792,0.07453811582677476,0.09167704569895048
190,1.439999999999979,0.070982828007955,0.09146996534129723
191,1.440999999999979,0.08458014739145987,0.0946293138627757
192,1.4419999999999789,0.0710633131688501,0.09018489360005508
193,1.4429999999999787,0.06756086218335146,0.08838306409756332
194,1.4439999999999786,0.06873637903075473,0.0866287581098192
195,1.4449999999999785,0.06793196835232075,0.08647114400890442
196,1.4459999999999784,0.075570576872319,0.08632061267181719
197,1.4469999999999783,0.06974173479068425,0.08578686251151355
198,1.4479999999999782,0.08097994439423956,0.08611918899568298
199,1.448999999999978,0.06518379438181221,0.0839030565457567
200,1.449999999999978,0.06398694468939821,0.08208005363663555
201,1.4509999999999779,0.07038925790329965,0.08131883218708454
202,1.4519999999999778,0.06587344066776865,0.08147381794342579
203,1.4529999999999776,0.06995285345737794,0.08097330221111781
204,1.4539999999999775,0.06287159380634853,0.07949855427667661
205,1.4549999999999774,0.07430816132425017,0.08010891731915566
206,1.4559999999999773,0.06576608628699504,0.07957767838361794
207,1.4569999999999772,0.06367377750551945,0.07708820153018514
208,1.457999999999977,0.06409455071028318,0.07776076626809261
209,1.458999999999977,0.06583331396747372,0.07595919587420463
210,1.4599999999999769,0.06498861742007364,0.07532431096917887
211,1.4609999999999768,0.06679290132204671,0.07559458674241058
212,1.4619999999999767,0.06477043771962575,0.07385788912459462
213,1.4629999999999765,0.06201216517584375,0.0738302527578939
214,1.4639999999999764,0.06772334822719303,0.07352516180463267
215,1.4649999999999763,0.06186755351855996,0.07308403873956625
216,1.4659999999999762,0.0626212862328315,0.0718466733640018
217,1.466999999999976,0.06457702026548022,0.07146471069115164
218,1.467999999999976,0.066741217656861,0.07092050028125703
219,1.4689999999999759,0.06010783947585932,0.06968915787981327
220,1.4699999999999758,0.06054361998828985,0.0702146984893515
221,1.4709999999999757,0.058678689928479966,0.06881114767262882
222,1.4719999999999756,0.06358719872555708,0.0691410357950657
223,1.4729999999999754,0.06645530341929805,0.06937422360073162
224,1.4739999999999753,0.07188573485461863,0.06796241013223765
225,1.4749999999999752,0.06424269860706457,0.06773117217758931
226,1.475999999999975,0.06536715382018098,0.06834104400545808
227,1.476999999999975,0.059837228539823664,0.06660901403667682
228,1.477999999999975,0.056614598084858206,0.06546611998341988
229,1.4789999999999748,0.05847615537192413,0.06511801523597707
230,1.4799999999999747,0.056198002231466704,0.06411166531051812
231,1.4809999999999746,0.05584655173173335,0.0642029521804554
232,1.4819999999999744,0.061976080471457286,0.06361272526118708
233,1.4829999999999743,0.05822626234248013,0.06324510051662453
234,1.4839999999999742,0.05991686038805795,0.06340780788437332
235,1.4849999999999741,0.059315869318969636,0.06305294309025505
236,1.485999999999974,0.05956245237031394,0.06237445296311661
237,1.486999999999974,0.08317910321674586,0.07246257023556377
238,1.4879999999999738,0.05551938599954874,0.061558935181555786
239,1.4889999999999737,0.1393343485900972,0.12529218547998777
240,1.4899999999999736,0.05549075125900327,0.060595469606864086
241,1.4909999999999735,0.05870076078850427,0.060447637204085386
242,1.4919999999999733,0.05774241425419271,0.05919431285064534
243,1.4929999999999732,0.05220564386461394,0.058554637970895704
244,1.4939999999999731,0.06755165859957173,0.05970396128451288
245,1.494999999999973,0.05390875690897899,0.058243412438612197
246,1.495999999999973,0.055125394280995534,0.057872756765543466
247,1.4969999999999728,0.0529119074542399,0.05647095214513846
248,1.4979999999999727,0.06317108431616475,0.05930503588494961
249,1.4989999999999726,0.05506170159007834,0.057028883666252334
250,1.4999999999999725,0.05271036380671751,0.05612738179549702
