,f_kHz,A_ch1,A_ch2
0,1.75,0.13619611790460381,0.04543219322509657
1,1.751,0.13712941468912462,0.046639988150458674
2,1.7519999999999998,0.13555941623990833,0.04595831732731649
3,1.7529999999999997,0.13686462511316103,0.04701825012037657
4,1.7539999999999996,0.134451492838299,0.04342218669534241
5,1.7549999999999994,0.1348890513026713,0.04356189973957602
6,1.7559999999999993,0.13639487664237326,0.04490627982794797
7,1.7569999999999992,0.13580651527526227,0.045419218712715086
8,1.7579999999999991,0.13530634055282437,0.04418427702374968
9,1.758999999999999,0.13659885746143768,0.04512207184980838
10,1.759999999999999,0.133315917704759,0.042556691879121075
11,1.7609999999999988,0.13767936756295154,0.04675280452512452
12,1.7619999999999987,0.13712862097165365,0.04484655930189677
13,1.7629999999999986,0.137849840869804,0.04743602913565502
14,1.7639999999999985,0.1370516841635855,0.04957351834291786
15,1.7649999999999983,0.13439343551219118,0.04292425437892906
16,1.7659999999999982,0.13873420490499072,0.04913258126468056
17,1.7669999999999981,0.13415063010555425,0.042710277889816996
18,1.767999999999998,0.13472144861416158,0.04372196893514727
19,1.768999999999998,0.1328280405642068,0.042627948024608724
20,1.7699999999999978,0.1363977645742727,0.04531320213519324
21,1.7709999999999977,0.13710242571730727,0.04688850546649445
22,1.7719999999999976,0.1346432518057022,0.04397033422441261
23,1.7729999999999975,0.13507124876379184,0.04534249353318626
24,1.7739999999999974,0.13522855861712166,0.04523804383115461
25,1.7749999999999972,0.13854541471007484,0.049617631491244665
26,1.7759999999999971,0.13397829329522712,0.044883197698523794
27,1.776999999999997,0.1364530794676654,0.046836208278366626
28,1.777999999999997,0.13498257101473843,0.046611428755365364
29,1.7789999999999968,0.13801655490502265,0.05227004122278371
30,1.7799999999999967,0.13520778365505318,0.04763911302262455
31,1.7809999999999966,0.1347356823220609,0.04752551149390837
32,1.7819999999999965,0.1363001204587517,0.04899529652438735
33,1.7829999999999964,0.13770719380741736,0.05103084605782472
34,1.7839999999999963,0.13569357880981994,0.04730915527231231
35,1.7849999999999961,0.1377866610244703,0.04981502018540299
36,1.785999999999996,0.14116043664701236,0.05080647183495113
37,1.786999999999996,0.13814636158175517,0.04877441229289556
38,1.7879999999999958,0.1384416107564233,0.050232824156408416
39,1.7889999999999957,0.1340504212336033,0.043631068953599646
40,1.7899999999999956,0.13963877494681814,0.04981873845480332
41,1.7909999999999955,0.13486633136996268,0.04376378168243917
42,1.7919999999999954,0.13647659859799044,0.046033143816130176
43,1.7929999999999953,0.13538345569694132,0.04457887540840064
44,1.7939999999999952,0.1369421874210878,0.04616083094241833
45,1.794999999999995,0.13743211915232464,0.045443368296041904
46,1.795999999999995,0.1364245605265288,0.04561202896975732
47,1.7969999999999948,0.13596275523273882,0.04498153171485553
48,1.7979999999999947,0.13912324592338887,0.048079386893711995
49,1.7989999999999946,0.13668933047361817,0.04547300313519284
50,1.7999999999999945,0.1384057033283623,0.046876901192403383
51,1.8009999999999944,0.13720905599838468,0.04546730562775802
52,1.8019999999999943,0.1431272761539308,0.05012088883329334
53,1.8029999999999942,0.13729145417410882,0.04472994878399598
54,1.803999999999994,0.13817381245368784,0.04674194251544664
55,1.804999999999994,0.1366550012116012,0.04447836984005992
56,1.8059999999999938,0.13772111893390476,0.04507901907256803
57,1.8069999999999937,0.1365639930994327,0.04446287383449532
58,1.8079999999999936,0.1394384977889809,0.04970566215850458
59,1.8089999999999935,0.13756059345367871,0.04559475915232656
60,1.8099999999999934,0.13794713947428308,0.0453154889742899
61,1.8109999999999933,0.13895258178528094,0.04630850581434902
62,1.8119999999999932,0.1376491070794055,0.04451877387396389
63,1.812999999999993,0.13654344979132535,0.04419110726329243
64,1.813999999999993,0.13794155053896245,0.046416016538677184
65,1.8149999999999928,0.14033439188442712,0.050085754293259344
66,1.8159999999999927,0.1374060949168881,0.04463602314540406
67,1.8169999999999926,0.14065722845727316,0.04889917979561223
68,1.8179999999999925,0.1357355591557717,0.04473087546105652
69,1.8189999999999924,0.13982089943728582,0.04694560086934098
70,1.8199999999999923,0.13702471770647423,0.04522965337806042
71,1.8209999999999922,0.1433383456494739,0.050537548219407376
72,1.821999999999992,0.13897130514789996,0.046466361407082275
73,1.822999999999992,0.14101556102496823,0.04899754369429045
74,1.8239999999999919,0.14225217923251954,0.04769311000327879
75,1.8249999999999917,0.14184651806738205,0.0504963935545837
76,1.8259999999999916,0.14482592715104703,0.050742055044250854
77,1.8269999999999915,0.14037707967522342,0.04618414399189334
78,1.8279999999999914,0.1419374255140427,0.048661171897786286
79,1.8289999999999913,0.14011639307858376,0.04641146747145829
80,1.8299999999999912,0.14047171460483368,0.0476825980234383
81,1.830999999999991,0.140416589393331,0.046674053189681826
82,1.831999999999991,0.14277014149099515,0.04820350800188381
83,1.8329999999999909,0.14064207389969188,0.045779191132631826
84,1.8339999999999907,0.1422397452937843,0.047267108026090146
85,1.8349999999999906,0.14201431578445356,0.04859948219207836
86,1.8359999999999905,0.14220082413878676,0.0471423899138202
87,1.8369999999999904,0.14150222202502147,0.04760241886629336
88,1.8379999999999903,0.14327982881856577,0.04708313968707429
89,1.8389999999999902,0.14704781230922764,0.052192144325816765
90,1.83999999999999,0.14135733004011697,0.04636846652734403
91,1.84099999999999,0.14476980169118914,0.050397793669779326
92,1.8419999999999899,0.1434885789174811,0.047316821098835136
93,1.8429999999999898,0.14496304414939365,0.04913113122178224
94,1.8439999999999896,0.14416382369681266,0.04670401652763783
95,1.8449999999999895,0.14445907149575535,0.04781961527798023
96,1.8459999999999894,0.14415163554724678,0.04657150518357818
97,1.8469999999999893,0.14524861220369217,0.047281986342334194
98,1.8479999999999892,0.14915367214538708,0.05148508969030449
99,1.848999999999989,0.1461226388873869,0.047985241804864666
100,1.849999999999989,0.15172346094087671,0.054669789975039865
101,1.8509999999999889,0.14662742418331773,0.04869257269511618
102,1.8519999999999888,0.14852909806617345,0.04872448495552286
103,1.8529999999999887,0.1466249498254636,0.04784369035618172
104,1.8539999999999885,0.1495322942690056,0.04889070230368077
105,1.8549999999999884,0.1500794913471528,0.049178960063029846
106,1.8559999999999883,0.1509609201581968,0.05125979774475257
107,1.8569999999999882,0.15023647269134704,0.0479717427071195
108,1.857999999999988,0.1487103024799213,0.04745044500849183
109,1.858999999999988,0.14997688845790796,0.04759177798465083
110,1.8599999999999879,0.15016853834444094,0.0477654087649321
111,1.8609999999999878,0.15229116991496525,0.04867871094207383
112,1.8619999999999877,0.150091025466481,0.047582386995275415
113,1.8629999999999876,0.15187934881969048,0.05019529066090859
114,1.8639999999999874,0.15492246548167726,0.05070609917153233
115,1.8649999999999873,0.1548372404055414,0.05034577132812471
116,1.8659999999999872,0.15507064228481396,0.049191416910146155
117,1.8669999999999871,0.15465995552712003,0.047997009919340666
118,1.867999999999987,0.15898048286379002,0.05243243029486256
119,1.868999999999987,0.15700086917967168,0.05080369275735969
120,1.8699999999999868,0.15665780336976226,0.048106320889273316
121,1.8709999999999867,0.1598529636463533,0.051874118580496155
122,1.8719999999999866,0.15794922558725386,0.04851101960156968
123,1.8729999999999865,0.16020630977864184,0.04883548316197707
124,1.8739999999999863,0.1614103778751095,0.0508613848052705
125,1.8749999999999862,0.16108560852979784,0.05021239703211613
126,1.8759999999999861,0.16530280238492578,0.05177323877102937
127,1.876999999999986,0.16257339781079283,0.049201948780494546
128,1.877999999999986,0.16534575990269398,0.05017606161099493
129,1.8789999999999858,0.1664270798811612,0.05162240256879282
130,1.8799999999999857,0.1649221709058041,0.048593724755425234
131,1.8809999999999856,0.1694214530003275,0.05448694751469582
132,1.8819999999999855,0.1679733031866541,0.04896263483219557
133,1.8829999999999854,0.17046126513261198,0.05153199056352385
134,1.8839999999999852,0.17069437574426868,0.050487594157160226
135,1.8849999999999851,0.1711116722011871,0.04890174924509341
136,1.885999999999985,0.1738739179333449,0.05043800152835283
137,1.886999999999985,0.1738470508573902,0.04961342819910048
138,1.8879999999999848,0.1766027353926899,0.054992046724938515
139,1.8889999999999847,0.17504291930235133,0.04962807291212857
140,1.8899999999999846,0.1805839302926334,0.0562437137377512
141,1.8909999999999845,0.17658503765890304,0.05790782224718923
142,1.8919999999999844,0.1814278412116941,0.05600176237716204
143,1.8929999999999843,0.17869534513657456,0.050211287745859715
144,1.8939999999999841,0.18439161423995476,0.057593694169708914
145,1.894999999999984,0.18256264239767508,0.05234651071722485
146,1.895999999999984,0.18427577861635644,0.052682833137169496
147,1.8969999999999838,0.18319498307244478,0.050244787704661883
148,1.8979999999999837,0.18731735880334896,0.053462022979866575
149,1.8989999999999836,0.18725152891685637,0.053897222118274996
150,1.8999999999999835,0.18802494411026216,0.05212680585447156
151,1.9009999999999834,0.18811475063334518,0.052833485881738224
152,1.9019999999999833,0.19120771421430574,0.05317620447490627
153,1.9029999999999831,0.1896161292660337,0.05191682585682712
154,1.903999999999983,0.1943822922273873,0.05421747684549525
155,1.904999999999983,0.19059053723487462,0.05016180929227861
156,1.9059999999999828,0.19493956323623396,0.0530257437289323
157,1.9069999999999827,0.207132995906863,0.05492369500735519
158,1.9079999999999826,0.19541505747789628,0.05228101829742282
159,1.9089999999999825,0.24256773544973131,0.07042956606515963
160,1.9099999999999824,0.20025477375748155,0.053802736159710235
161,1.9109999999999823,0.1987772288596735,0.05228292604142662
162,1.9119999999999822,0.20524782821724313,0.056571109693903734
163,1.912999999999982,0.20371401067779243,0.05347200440656309
164,1.913999999999982,0.20458236676763053,0.053579815879961336
165,1.9149999999999818,0.20625967920694854,0.052591214665341036
166,1.9159999999999817,0.2095097375319252,0.05625377725811386
167,1.9169999999999816,0.21097570310013053,0.05375706945716765
168,1.9179999999999815,0.2435749772211196,0.07347292416356727
169,1.9189999999999814,0.2129342732452148,0.05282407041200113
170,1.9199999999999813,0.21642714375515595,0.0562637929335199
171,1.9209999999999812,0.2174166468976166,0.05461766255198122
172,1.921999999999981,0.22067618966306377,0.05646933067462905
173,1.922999999999981,0.21818459643550636,0.05345649847663548
174,1.9239999999999808,0.2209498739477392,0.05594388380436647
175,1.9249999999999807,0.22375981127219619,0.05427943968275266
176,1.9259999999999806,0.22868932789748425,0.055981473504804105
177,1.9269999999999805,0.2269744374983658,0.05453145666322384
178,1.9279999999999804,0.23105875492942635,0.05591213046215217
179,1.9289999999999803,0.23037921017907212,0.05467509711898551
180,1.9299999999999802,0.23507617044497608,0.05744217623945388
181,1.93099999999998,0.23674040849118957,0.055348338284405
182,1.93199999999998,0.24309746390255244,0.060075764300598355
183,1.9329999999999798,0.2393900310893784,0.05659617682000885
184,1.9339999999999797,0.24504897664258865,0.05881310524162653
185,1.9349999999999796,0.2501130700381721,0.05619117918180475
186,1.9359999999999795,0.2513605288401358,0.06077748669562984
187,1.9369999999999794,0.25478089068284415,0.05704136871683866
188,1.9379999999999793,0.26001371937606343,0.058387992521409915
189,1.9389999999999792,0.25755236349464455,0.056332818068560254
190,1.939999999999979,0.2676910910992198,0.05879612185441142
191,1.940999999999979,0.267609764706867,0.058952333877862195
192,1.9419999999999789,0.27331162854593594,0.05963912809549285
193,1.9429999999999787,0.2756880400790958,0.05819546499019537
194,1.9439999999999786,0.2791264438288561,0.06108813536943877
195,1.9449999999999785,0.2841172799225142,0.06141457314382554
196,1.9459999999999784,0.28537879932632854,0.059832054538434175
197,1.9469999999999783,0.29168495654367016,0.06048522617964628
198,1.9479999999999782,0.29303861763929073,0.063242565845225
199,1.948999999999978,0.2984658747929735,0.060514515748755895
200,1.949999999999978,0.3075619958064699,0.06411465622501965
201,1.9509999999999779,0.30573688081865835,0.061061242364973865
202,1.9519999999999778,0.3155090171771802,0.0628278181571238
203,1.9529999999999776,0.3239277553123469,0.06326386351410411
204,1.9539999999999775,0.320234729128722,0.06410948395130996
205,1.9549999999999774,0.3249069490841361,0.0631761078787661
206,1.9559999999999773,0.3356053384302219,0.06601331921598949
207,1.9569999999999772,0.34071185857224223,0.06434595157917045
208,1.957999999999977,0.3408997102707417,0.06630309315729012
209,1.958999999999977,0.3481526395048141,0.0653898196954168
210,1.9599999999999769,0.35409220821095255,0.06716258062823505
211,1.9609999999999768,0.3653395906053328,0.06859920176851975
212,1.9619999999999767,0.3641854158170561,0.06885236598176425
213,1.9629999999999765,0.3775763121697537,0.06822498495264605
214,1.9639999999999764,0.3744222955978515,0.06842350056427714
215,1.9649999999999763,0.3783239844466056,0.06889154271294987
216,1.9659999999999762,0.40486750637854235,0.07064458845237588
217,1.966999999999976,0.40074453312492847,0.07001563571057591
218,1.967999999999976,0.4155558585676789,0.07136109768095826
219,1.9689999999999759,0.5307725038026209,0.08861593304904944
220,1.9699999999999758,0.43368591158871195,0.07334455326857982
221,1.9709999999999757,0.5187808568301249,0.09167092810606343
222,1.9719999999999756,0.4510146870860881,0.07462287288953035
223,1.9729999999999754,0.4697989123578095,0.07898429741144351
224,1.9739999999999753,0.4705394612995152,0.07945036799304839
225,1.9749999999999752,0.4905075648148869,0.08039196646959598
226,1.975999999999975,0.49143740010714165,0.08036587575285387
227,1.976999999999975,0.5165151939149949,0.08321771483404089
228,1.977999999999975,0.4839948109415208,0.08130201761994423
229,1.9789999999999748,0.5445381527663379,0.08758666597702887
230,1.9799999999999747,0.5600646675023967,0.0901137183230416
231,1.9809999999999746,0.5755648794210104,0.09054592694295605
232,1.9819999999999744,0.5144175910411464,0.08738116622886918
233,1.9829999999999743,0.6033252446906523,0.09146432305152133
234,1.9839999999999742,0.640855883479376,0.09561591858125482
235,1.9849999999999741,0.6845146008417263,0.09956858967640439
236,1.985999999999974,0.6875312890476538,0.10126974378655618
237,1.986999999999974,0.7115942170506017,0.1028843501387167
238,1.9879999999999738,0.7382370554710406,0.10702618309213702
239,1.9889999999999737,0.8050399002911606,0.11349223754670668
240,1.9899999999999736,0.7985694540150563,0.11275863262213315
241,1.9909999999999735,0.8738961645910893,0.11928355563400392
242,1.9919999999999733,0.9456743586206674,0.12608369310086695
243,1.9929999999999732,0.9493087000326278,0.12716115563331243
244,1.9939999999999731,1.0192360263748674,0.13403461377284392
245,1.994999999999973,1.0411385201580108,0.13507929782656938
246,1.995999999999973,1.2095940530077973,0.15155692950729627
247,1.9969999999999728,1.1559782680000223,0.14746983178059955
248,1.9979999999999727,1.5105876318773925,0.1709830121023331
249,1.9989999999999726,1.2756119963261525,0.15617929600537298
250,1.9999999999999725,1.4099540449918768,0.1685443969916468
251,2.0009999999999724,1.554663682646595,0.17765794752903183
252,2.0019999999999722,1.5403267207935318,0.1775091455264426
253,2.002999999999972,1.6721719408090223,0.1850084611076825
254,2.003999999999972,1.7359822886373297,0.18552606348872383
255,2.004999999999972,1.7334489365069115,0.18657796947008704
256,2.005999999999972,1.7277056959174901,0.18598750586232835
257,2.0069999999999717,1.3671721605953875,0.14965546621887685
258,2.0079999999999716,1.668367689305421,0.16607703525526982
259,2.0089999999999715,1.677382123666893,0.16716019646153152
260,2.0099999999999714,1.5642974204781912,0.15090098453175496
261,2.0109999999999713,1.5537482449894169,0.15032903085940882
262,2.011999999999971,1.438665857851911,0.13296419845225105
263,2.012999999999971,1.2673429093482507,0.11661986526101456
264,2.013999999999971,1.310712935475237,0.1200741728353768
265,2.014999999999971,1.2658248111160648,0.11591665183129053
266,2.0159999999999707,1.1245794206926307,0.10109739303245066
267,2.0169999999999706,0.9830494187014989,0.08958028582910459
268,2.0179999999999705,0.9817993706355663,0.08758477294482768
269,2.0189999999999704,0.8456219825711851,0.08130247965696437
270,2.0199999999999703,1.2328981653835434,0.1325027586355209
271,2.02099999999997,0.7092092981327545,0.0672287393931191
272,2.02199999999997,0.733671383036013,0.08567541905447784
273,2.02299999999997,0.5486727396450365,0.06096661974677768
274,2.02399999999997,0.4231816113490982,0.0509377312077136
275,2.0249999999999697,0.41734803037179524,0.051243116861208415
276,2.0259999999999696,0.336420555393844,0.050975150025253366
277,2.0269999999999695,0.28861983629037147,0.04198302951086783
278,2.0279999999999694,0.2896017476605501,0.04553463302566107
279,2.0289999999999693,0.5387033605150501,0.0461096187314165
280,2.029999999999969,0.2475503578420441,0.03855448991268241
281,2.030999999999969,0.6094680600949711,0.07775557323930872
282,2.031999999999969,0.18317487348596137,0.03215179125869821
283,2.032999999999969,0.17877814055616864,0.035074809256903865
284,2.0339999999999687,0.15994489739320034,0.030230328698009585
285,2.0349999999999686,0.14994882453778266,0.0334166135743278
286,2.0359999999999685,0.1253847818916716,0.02357186813445521
287,2.0369999999999684,0.12865934013878302,0.030480388327397863
288,2.0379999999999683,0.1056845840781136,0.022906566412656853
289,2.038999999999968,0.09592730168019548,0.02786361386601889
290,2.039999999999968,0.09399407050886796,0.023964314074981386
291,2.040999999999968,0.09477461919061958,0.024600395192555684
292,2.041999999999968,0.08378251273184661,0.023155833260491802
293,2.0429999999999677,0.0806205539502694,0.019993426035654856
294,2.0439999999999676,0.07686378438961003,0.025982167079968446
295,2.0449999999999675,0.06606193221284568,0.01798096341209057
296,2.0459999999999674,0.06858405614632969,0.022194290561513463
297,2.0469999999999673,0.05945690797063729,0.017877723130546346
298,2.047999999999967,0.0624210512475023,0.02370032672998099
299,2.048999999999967,0.05611833150920117,0.014351233445477252
300,2.049999999999967,0.05508249738411863,0.017741568663849076
301,2.050999999999967,0.0605094474571479,0.023305714377682717
302,2.0519999999999667,0.06280998565799181,0.02563186985297538
303,2.0529999999999666,0.056677996751600325,0.019676827454026696
304,2.0539999999999665,0.05868578033367161,0.023659683486808577
305,2.0549999999999664,0.056167720934694784,0.022778237617456214
306,2.0559999999999663,0.053007768928613426,0.01714572131092325
307,2.056999999999966,0.049796705533655304,0.014822851462748726
308,2.057999999999966,0.051022686979066346,0.015803168894699533
309,2.058999999999966,0.049894680363723735,0.014468094776473971
310,2.059999999999966,0.19168838956394674,0.0406430498188579
311,2.0609999999999657,0.05667266981095601,0.024719056552149583
312,2.0619999999999656,0.04507497249330678,0.014099825323883347
313,2.0629999999999655,0.052369154091589605,0.018233062008064203
314,2.0639999999999654,0.05152808909906086,0.017719724876293922
315,2.0649999999999653,0.05450205419901145,0.02077036276722533
316,2.065999999999965,0.0528741594506935,0.015288564270079354
317,2.066999999999965,0.056627839657691484,0.01937431558302655
318,2.067999999999965,0.05613661527746592,0.016430074176371857
319,2.068999999999965,0.06157840213496301,0.02560072073706418
320,2.0699999999999648,0.058452934933483205,0.017578441874794796
321,2.0709999999999646,0.06931306530681441,0.02909774362425065
322,2.0719999999999645,0.06581817161677156,0.0251535817155535
323,2.0729999999999644,0.07100113581603898,0.031511935167117956
324,2.0739999999999643,0.06289939188363752,0.015790951141899212
325,2.074999999999964,0.06719536795318297,0.021219519640817617
326,2.075999999999964,0.06607644493116423,0.014278026932197244
327,2.076999999999964,0.0701241237278197,0.020576880099886723
328,2.077999999999964,0.07056592033073891,0.016560742879193964
329,2.0789999999999638,0.07064277871247814,0.0180037133809031
330,2.0799999999999637,0.07577448581690997,0.023548831787042788
331,2.0809999999999635,0.08499489296698208,0.04159815469837073
332,2.0819999999999634,0.11612372372999741,0.028399218262403356
333,2.0829999999999633,0.07725254761852697,0.0216841689774809
334,2.083999999999963,0.07367943037975623,0.015800217819987264
335,2.084999999999963,0.07586130346391949,0.01712576490552338
336,2.085999999999963,0.08041360225821084,0.025082776750002023
337,2.086999999999963,0.0796447345976604,0.024451404386287477
338,2.0879999999999628,0.07892432581240667,0.019292911802460417
339,2.0889999999999627,0.08183829458952917,0.02466743890331334
340,2.0899999999999626,0.07810015259561548,0.01824832987581645
341,2.0909999999999624,0.08149188253465421,0.024552959999683672
342,2.0919999999999623,0.07843461788839601,0.018589900624616473
343,2.0929999999999622,0.07827255513445683,0.01812475486018066
344,2.093999999999962,0.0804613964371168,0.021170383057095038
345,2.094999999999962,0.21175137137076266,0.08293930998232514
346,2.095999999999962,0.08071684815324784,0.025746582608283226
347,2.096999999999962,0.08027837791540722,0.022744034801151152
348,2.0979999999999617,0.07660935384190343,0.022062699690883543
349,2.0989999999999616,0.08544035403268144,0.036682695100588
350,2.0999999999999615,0.07812010863179586,0.023409971671404087
351,2.1009999999999613,0.07752297033188679,0.020413059296921422
352,2.1019999999999612,0.07843370928691748,0.0258394399393397
353,2.102999999999961,0.0753789077726583,0.01891476419979744
354,2.103999999999961,0.07984861615529712,0.027104580996223662
355,2.104999999999961,0.08830550566809521,0.039715115203248254
356,2.105999999999961,0.09742844604881108,0.039297395563493744
357,2.1069999999999607,0.08347332913050295,0.03462491631882827
358,2.1079999999999606,0.07937649633040327,0.030293678515837547
359,2.1089999999999605,0.0725162661612239,0.02234180970849241
360,2.1099999999999604,0.0749887250141639,0.02257488294629592
361,2.1109999999999602,0.07827515409059721,0.026397624812736168
362,2.11199999999996,0.07589579784538933,0.02855696107107193
363,2.11299999999996,0.06889650896327029,0.021816677446804475
364,2.11399999999996,0.07246784506588859,0.024655673444324462
365,2.11499999999996,0.07854385420611587,0.035497116213498686
366,2.1159999999999597,0.0733349220447129,0.027870121471466777
367,2.1169999999999596,0.07198751271230772,0.02564318742308389
368,2.1179999999999595,0.07181934556904616,0.02899964172337873
369,2.1189999999999594,0.06466797344042162,0.022214824954498592
370,2.1199999999999593,0.07052960922865707,0.029256014873322824
371,2.120999999999959,0.06634414276289861,0.024722829221977827
372,2.121999999999959,0.06858738117193044,0.026475286598165157
373,2.122999999999959,0.06591731728949006,0.02713667699161883
374,2.123999999999959,0.12931265208857765,0.06158709227546584
375,2.1249999999999587,0.06726351840844677,0.033737581405969386
376,2.1259999999999586,0.06444437775658404,0.027101952409049786
377,2.1269999999999585,0.06146372150211085,0.023051157056348016
378,2.1279999999999584,0.0634926582710251,0.02506335171700065
379,2.1289999999999583,0.06561879898802128,0.02810431351042741
380,2.129999999999958,0.06346132483201122,0.026593424201992254
381,2.130999999999958,0.06499989158253738,0.029863372701008604
382,2.131999999999958,0.0663708746362441,0.029190413176878295
383,2.132999999999958,0.06350435076471356,0.027895904540738783
384,2.1339999999999577,0.05664506686765013,0.023911446400472356
385,2.1349999999999576,0.05587898510377912,0.028784080682101358
386,2.1359999999999575,0.06837546638544416,0.03688711065729499
387,2.1369999999999574,0.06309238664679029,0.03165101901105076
388,2.1379999999999573,0.0638583911974921,0.03181971440232632
389,2.138999999999957,0.06332806148677214,0.031235766309453766
390,2.139999999999957,0.05978880179197105,0.026097623275430668
391,2.140999999999957,0.05651625064897405,0.024248833425912636
392,2.141999999999957,0.06240635287215684,0.02868964720321972
393,2.1429999999999567,0.06066710427326773,0.02824591452592749
394,2.1439999999999566,0.06005451515555295,0.029221991294580463
395,2.1449999999999565,0.06470681298941308,0.03220440468096461
396,2.1459999999999564,0.05783770678966418,0.025000012496157912
397,2.1469999999999563,0.05877039303014191,0.026032222819517902
398,2.147999999999956,0.05976851348956732,0.02667566355357081
399,2.148999999999956,0.06265366757902135,0.02925566066498375
400,2.149999999999956,0.061294099288756135,0.027919668888516283
401,2.150999999999956,0.06361905973848267,0.03068724299333504
402,2.1519999999999557,0.08688170607398409,0.05731460338168042
403,2.1529999999999556,0.07359315517537864,0.03559976353827458
404,2.1539999999999555,0.06255448618397809,0.03056030588176556
405,2.1549999999999554,0.058940353217954274,0.02595183773053628
406,2.1559999999999553,0.06256941897506649,0.030720613582484724
407,2.156999999999955,0.17904613444284545,0.08846963849755829
408,2.157999999999955,0.05953524518599492,0.027836032638949945
409,2.158999999999955,0.0617687487202933,0.029021118692332846
410,2.159999999999955,0.06322460968939313,0.03314318388680851
411,2.1609999999999547,0.05895628933768699,0.027061344191212883
412,2.1619999999999546,0.06109326087488762,0.027553766479880334
413,2.1629999999999545,0.06241912072616849,0.033835115663603484
414,2.1639999999999544,0.0605588288403143,0.02908135690000833
415,2.1649999999999543,0.05879871711660919,0.027272331105858093
416,2.165999999999954,0.06102705253495128,0.02975277777903963
417,2.166999999999954,0.05895653109391579,0.027351961011939215
418,2.167999999999954,0.059095289440547774,0.027866031154019467
419,2.168999999999954,0.05833790729136688,0.028347538952311718
420,2.1699999999999537,0.10386261668190884,0.0496445397889403
421,2.1709999999999536,0.059950688133697125,0.02935127408243456
422,2.1719999999999535,0.05890411273056517,0.027757978105173775
423,2.1729999999999534,0.0580837278661796,0.02766800169042384
424,2.1739999999999533,0.06006541003276653,0.028858866366914284
425,2.174999999999953,0.05692208739918263,0.027031458973003335
426,2.175999999999953,0.058847089991291575,0.030335553565723546
427,2.176999999999953,0.058798078046468125,0.02963237332701818
428,2.177999999999953,0.06470569159651957,0.033286075711586885
429,2.1789999999999528,0.06499710070521716,0.03790492112557073
430,2.1799999999999526,0.06235033028749822,0.031737213453962694
431,2.1809999999999525,0.06033471589644937,0.030242666628995028
432,2.1819999999999524,0.05956057327839789,0.030762749622081108
433,2.1829999999999523,0.06298171785359487,0.03358824238634961
434,2.183999999999952,0.056684191833954005,0.027312151366019905
435,2.184999999999952,0.0611487187697631,0.03216093534390309
436,2.185999999999952,0.05401903617074403,0.027000773106268777
437,2.186999999999952,0.059962898426265,0.03228153897313784
438,2.1879999999999518,0.05804809098384188,0.02968151019737012
439,2.1889999999999517,0.05576208692683388,0.027328082183418704
440,2.1899999999999515,0.054119566528151315,0.02671937902670254
441,2.1909999999999514,0.05789699937432936,0.03118816448101135
442,2.1919999999999513,0.05833559731726424,0.030627710246540752
443,2.192999999999951,0.057542331531724424,0.02974372080221643
444,2.193999999999951,0.06326220527264118,0.038117701405761546
445,2.194999999999951,0.05497547900245102,0.02904788683209801
446,2.195999999999951,0.05980971147971771,0.031733090940126114
447,2.1969999999999508,0.06857604519534928,0.04301249227480752
448,2.1979999999999507,0.060160575279490466,0.03350039197918277
449,2.1989999999999505,0.054278691019019394,0.028822216864693054
450,2.1999999999999504,0.06004158975783725,0.03202855569013072
451,2.2009999999999503,0.053950198662991174,0.029082425880863263
452,2.20199999999995,0.05487224273969825,0.030363679926104892
453,2.20299999999995,0.05488112075770265,0.0298838388290503
454,2.20399999999995,0.06487879684836004,0.03973151746808592
455,2.20499999999995,0.052003671763211766,0.029735575876808612
456,2.20599999999995,0.12232790480314032,0.06874889092998356
457,2.2069999999999497,0.0577032448839837,0.032331777901216864
458,2.2079999999999496,0.09929005760223884,0.05139826695549314
459,2.2089999999999494,0.05260614415155697,0.02895744518982487
460,2.2099999999999493,0.056262961394071206,0.03477125592436575
461,2.2109999999999492,0.05301246201445259,0.03071993893609692
462,2.211999999999949,0.054416043144853904,0.030696696753682237
463,2.212999999999949,0.06359999329435208,0.03767935610336189
464,2.213999999999949,0.05795553822437159,0.03337157922867578
465,2.214999999999949,0.05153545640248501,0.0298354259320138
466,2.2159999999999487,0.06338775804230976,0.04162056887425562
467,2.2169999999999486,0.05682701675980297,0.03278658795009533
468,2.2179999999999485,0.05376058564348297,0.03155789936907877
469,2.2189999999999483,0.054264365999696994,0.03104141601258236
470,2.2199999999999482,0.062313848050790266,0.03784948582054162
471,2.220999999999948,0.05423152355871099,0.03119796468898676
472,2.221999999999948,0.06670566343809169,0.04319475520826671
473,2.222999999999948,0.05753557575459148,0.03400737484294185
474,2.223999999999948,0.05806505302929286,0.034102048471534765
475,2.2249999999999477,0.052457977928246816,0.031642177875515716
476,2.2259999999999476,0.055066499063984246,0.032145828075502675
477,2.2269999999999475,0.05642807432582142,0.033200351991194255
478,2.2279999999999474,0.05371100919274917,0.03159814006191332
479,2.2289999999999472,0.055933659379273165,0.03384885671418655
480,2.229999999999947,0.05479189747349594,0.03218303959407602
481,2.230999999999947,0.05799789000125086,0.03386358674220353
482,2.231999999999947,0.06281900007403975,0.039284340322382955
483,2.232999999999947,0.05750068079561712,0.036946058660702094
484,2.2339999999999467,0.05522587485289531,0.034297637035477294
485,2.2349999999999466,0.05842526379100629,0.03701079302403838
486,2.2359999999999465,0.049910778789424966,0.030542371291562617
487,2.2369999999999464,0.05522531175115342,0.03600408102038129
488,2.2379999999999463,0.053367346279924247,0.03346077436883613
489,2.238999999999946,0.05734383132531884,0.03811821113903675
490,2.239999999999946,0.055626101806947485,0.03642518022176894
491,2.240999999999946,0.05456319053723199,0.036593601120522734
492,2.241999999999946,0.059472596740816445,0.03939730914216254
493,2.2429999999999457,0.051863153814149125,0.03302572696967173
494,2.2439999999999456,0.05971437765039429,0.039606029251652755
495,2.2449999999999455,0.05269769128820413,0.03300469732033169
496,2.2459999999999454,0.06166728264551213,0.040465971500183454
497,2.2469999999999453,0.05462857547700897,0.03535817770833126
498,2.247999999999945,0.09146429889276683,0.04885934930540489
499,2.248999999999945,0.054956620314239306,0.03490510899700968
500,2.249999999999945,0.05277552880683769,0.03296008266497825
