,f_kHz,A_ch1,A_ch2
0,1.0,0.04403039125253516,0.07872843852697843
1,1.005,0.06401549182720703,0.08473352443393509
2,1.0099999999999998,0.05675786369601098,0.07979123132429275
3,1.0149999999999997,0.055523071788276465,0.08252320652985803
4,1.0199999999999996,0.05745306875589656,0.08279137082297795
5,1.0249999999999995,0.05323101249188438,0.07844954036330909
6,1.0299999999999994,0.05469724622216069,0.07924083406604028
7,1.0349999999999993,0.058019981104962794,0.07902567985861197
8,1.0399999999999991,0.057758076741384334,0.07661032672603141
9,1.044999999999999,0.060895271026708254,0.07756422536195869
10,1.049999999999999,0.06106604350720104,0.07521115581320469
11,1.0549999999999988,0.06605016280302044,0.07630618936451221
12,1.0599999999999987,0.06610042315527176,0.07592080687630864
13,1.0649999999999986,0.06936182065661456,0.07552395692441197
14,1.0699999999999985,0.07062847045217899,0.07510773179595918
15,1.0749999999999984,0.07260476691126778,0.07427934079837271
16,1.0799999999999983,0.0774789827900918,0.07425087543904618
17,1.0849999999999982,0.07889084357318613,0.07339469315951119
18,1.089999999999998,0.08189285228213135,0.07219656299863865
19,1.094999999999998,0.09066685774227384,0.07510257496631685
20,1.0999999999999979,0.09025251060009258,0.07219844685785265
21,1.1049999999999978,0.09746291185413576,0.0728176365475329
22,1.1099999999999977,0.10475818675277096,0.07488969765721878
23,1.1149999999999975,0.11973306313454864,0.07965748074384402
24,1.1199999999999974,0.14815431418877703,0.09170589379509722
25,1.1249999999999973,0.21176345631066235,0.1464225641060942
26,1.1299999999999972,0.29967742124160585,0.12120800819722308
27,1.1349999999999971,0.27384722486861895,0.07826996860026461
28,1.139999999999997,0.2180593428363998,0.07699621150438218
29,1.144999999999997,0.15330183204164732,0.07112371288412125
30,1.1499999999999968,0.1384844703090201,0.06933819579289972
31,1.1549999999999967,0.1330335652518148,0.06828903328941781
32,1.1599999999999966,0.13141973078623437,0.07028566806364711
33,1.1649999999999965,0.13356658521212725,0.0703832952665548
34,1.1699999999999964,0.13376051368849606,0.06719574526097438
35,1.1749999999999963,0.14271059268616976,0.0851707701313458
36,1.1799999999999962,0.1427824384923762,0.06873049915900889
37,1.184999999999996,0.1455473304027597,0.07061128259131849
38,1.189999999999996,0.1487766905425051,0.07128207542545721
39,1.1949999999999958,0.15841632238934578,0.07116886527605044
40,1.1999999999999957,0.16059690034711271,0.0701843984892389
41,1.2049999999999956,0.16636618535727857,0.07162461099506397
42,1.2099999999999955,0.17557467594669948,0.0729477870485928
43,1.2149999999999954,0.18363891127354431,0.07408391014240162
44,1.2199999999999953,0.1931360385120193,0.0748343282579917
45,1.2249999999999952,0.20100500592506776,0.07668325033789734
46,1.229999999999995,0.2057138064879885,0.07811391627852741
47,1.234999999999995,0.22144572577473104,0.0804116860122377
48,1.2399999999999949,0.22900591844387583,0.0823345848283414
49,1.2449999999999948,0.23241165520024074,0.08567697630460169
50,1.2499999999999947,0.25676721809370645,0.09129769503763269
51,1.2549999999999946,0.28701403491410765,0.0943245581713572
52,1.2599999999999945,0.27901983607846126,0.09834336666104143
53,1.2649999999999944,0.30431517782371237,0.10302520081473142
54,1.2699999999999942,0.32700241919040396,0.10899974539043429
55,1.2749999999999941,0.3530670384657488,0.11490247013810581
56,1.279999999999994,0.37017309194953935,0.12237415888097648
57,1.284999999999994,0.40096240276410267,0.13319920080881498
58,1.2899999999999938,0.4452638155075903,0.1642981794720943
59,1.2949999999999937,0.4835108988168861,0.16281500210391278
60,1.2999999999999936,0.5197663338532167,0.17737823525572208
61,1.3049999999999935,0.5764746090679366,0.20123617213851885
62,1.3099999999999934,0.6522890847087003,0.23809332853358878
63,1.3149999999999933,0.7367666157073655,0.28913126312273374
64,1.3199999999999932,0.8514538252871946,0.359703900642782
65,1.324999999999993,0.9908012215476388,0.470798654171838
66,1.329999999999993,1.1013713939328875,0.5764328679402476
67,1.3349999999999929,1.3049458398203901,0.8094456996568388
68,1.3399999999999928,1.6389481205353829,1.0900265439047474
69,1.3449999999999926,2.186092926460752,1.0817725513493568
70,1.3499999999999925,2.269223240498578,0.697827058110936
71,1.3549999999999924,1.893073418644569,0.38475182523174023
72,1.3599999999999923,1.6469952082011683,0.26449429244316097
73,1.3649999999999922,1.337690344660734,0.1882805202370369
74,1.3699999999999921,1.1142437159988812,0.14647578405072456
75,1.374999999999992,0.950771038706286,0.1297466199637978
76,1.379999999999992,0.8248494592304855,0.11654623388902699
77,1.3849999999999918,0.7184708166885642,0.11024978989539892
78,1.3899999999999917,0.6530423218242283,0.09877047443741929
79,1.3949999999999916,0.6074649252667501,0.09454819132767882
80,1.3999999999999915,0.5525973580780681,0.08863335525264733
81,1.4049999999999914,0.5097139934253121,0.08604267545025325
82,1.4099999999999913,0.46943310609177036,0.07900508971794258
83,1.4149999999999912,0.436184186670129,0.07479249720496318
84,1.419999999999991,0.4075786337591683,0.07401843609058527
85,1.424999999999991,0.39299025221863865,0.0695219265335379
86,1.4299999999999908,0.37032910806762387,0.06792386393171727
87,1.4349999999999907,0.35064134634179045,0.06579080019743443
88,1.4399999999999906,0.33436141413814546,0.07024983189705206
89,1.4449999999999905,0.31716850508958316,0.06145233662129676
90,1.4499999999999904,0.3048412683250891,0.059401303085116194
91,1.4549999999999903,0.2910870935857708,0.05791855831093154
92,1.4599999999999902,0.28270899061959753,0.058031881340001215
93,1.46499999999999,0.27543562839202107,0.055971661880171525
94,1.46999999999999,0.26408937242349395,0.05599685855722363
95,1.4749999999999899,0.2571989479355461,0.05805497903346789
96,1.4799999999999898,0.25026845515921897,0.05907698416984411
97,1.4849999999999897,0.24400442133398575,0.059272942355698986
98,1.4899999999999896,0.2353996772880484,0.05874110693725702
99,1.4949999999999894,0.23228115958626594,0.059396614509104335
100,1.4999999999999893,0.2273269628987678,0.06189451474437136
101,1.5049999999999892,0.22064001730257435,0.06003208607746697
102,1.5099999999999891,0.21683351437598775,0.06274907301667246
103,1.514999999999989,0.21032949848567944,0.062700171201694
104,1.519999999999989,0.20319611189397274,0.06047237540188964
105,1.5249999999999888,0.208702880557746,0.07352799748805287
106,1.5299999999999887,0.19639384062362866,0.06008137006853247
107,1.5349999999999886,0.19089953804167387,0.05750095709252824
108,1.5399999999999885,0.1874643150024393,0.05760316205086751
109,1.5449999999999884,0.18301178616119584,0.05529975515393302
110,1.5499999999999883,0.18081735527791787,0.05554886878115504
111,1.5549999999999882,0.1811647152309192,0.05919082485339709
112,1.559999999999988,0.17436536338692035,0.055022282917064076
113,1.564999999999988,0.17192805658748034,0.05729857746063115
114,1.5699999999999878,0.16860915470193635,0.06528611451873301
115,1.5749999999999877,0.1667425258964528,0.06639662672367201
116,1.5799999999999876,0.1659546019171221,0.05688029590178373
117,1.5849999999999875,0.16328444606252107,0.05220167377441704
118,1.5899999999999874,0.16006857004550323,0.05403260039154257
119,1.5949999999999873,0.15853170663825242,0.052900155302620114
120,1.5999999999999872,0.1556629295440845,0.05060107341041927
121,1.604999999999987,0.1645863739960429,0.07404389441062374
122,1.609999999999987,0.15306074692707392,0.05066848165956295
123,1.614999999999987,0.15021687624634963,0.04776931368883639
124,1.6199999999999868,0.15006447667073197,0.049421446398321994
125,1.6249999999999867,0.14879480469513245,0.052318664792440274
126,1.6299999999999866,0.14590341307072344,0.048959962750219084
127,1.6349999999999865,0.14526651515523156,0.048989823573568465
128,1.6399999999999864,0.1447421604975216,0.049658731889242726
129,1.6449999999999863,0.14421306914737717,0.05138173186559944
130,1.6499999999999861,0.14419732681034697,0.05077961805312829
131,1.654999999999986,0.142029752704297,0.04821605567071863
132,1.659999999999986,0.14261965112116426,0.057761501540219286
133,1.6649999999999858,0.14237527579265813,0.04807219296439866
134,1.6699999999999857,0.14184808010345437,0.04946074567009647
135,1.6749999999999856,0.13196987394116258,0.04407508435300919
136,1.6799999999999855,0.13258144972427324,0.04854910815192664
137,1.6849999999999854,0.13550568724458303,0.05139322633327113
138,1.6899999999999853,0.13466758734702577,0.04769704800374654
139,1.6949999999999852,0.13912703649591393,0.05380003962585528
140,1.699999999999985,0.13367384532374565,0.05075920682280593
141,1.704999999999985,0.13206610837536384,0.0462203947047233
142,1.7099999999999849,0.13040655626769476,0.04544177202559142
143,1.7149999999999848,0.13435390015159182,0.047551805800560266
144,1.7199999999999847,0.13293561391115008,0.04556363992830963
145,1.7249999999999845,0.13410256895202466,0.04661851467282346
146,1.7299999999999844,0.13114458913397575,0.04426128325656305
147,1.7349999999999843,0.1330410745078145,0.04425177091658706
148,1.7399999999999842,0.13253811839992863,0.04486226926059973
149,1.7449999999999841,0.13225736787911374,0.04359141704153908
150,1.749999999999984,0.1343054775936374,0.044742457304926354
151,1.754999999999984,0.133949663404264,0.044766335394579894
152,1.7599999999999838,0.15265081526602012,0.06607968769383972
153,1.7649999999999837,0.13304618757187045,0.04417841331494544
154,1.7699999999999836,0.13429995901487624,0.04517486239496508
155,1.7749999999999835,0.1334174649259248,0.04471581457930493
156,1.7799999999999834,0.135017018408513,0.04980459194929796
157,1.7849999999999833,0.13484427063991364,0.049489833213810765
158,1.7899999999999832,0.13510638324479943,0.04391293962172376
159,1.794999999999983,0.1359466293990415,0.04694744951077795
160,1.799999999999983,0.1370280462519282,0.04924510589995576
161,1.8049999999999828,0.1350985667809634,0.04472488067920657
162,1.8099999999999827,0.13537577008775706,0.04914483900832076
163,1.8149999999999826,0.13868114531832745,0.05058394483545458
164,1.8199999999999825,0.13684920205976606,0.04578168104510329
165,1.8249999999999824,0.13732792657306195,0.0458991189983871
166,1.8299999999999823,0.14017598092019967,0.04893180442707039
167,1.8349999999999822,0.14042397142952762,0.04690585126366764
168,1.839999999999982,0.14010596144468904,0.04565849434706708
169,1.844999999999982,0.14384561433127743,0.047851460039121094
170,1.8499999999999819,0.1449744490711377,0.04862716700278003
171,1.8549999999999818,0.147737250075366,0.04877802399662549
172,1.8599999999999817,0.1490154374563164,0.048032296963347015
173,1.8649999999999816,0.15317799986971462,0.04978557625265893
174,1.8699999999999815,0.15527207767294754,0.049283494464379865
175,1.8749999999999813,0.15962971210189833,0.05116003596940514
176,1.8799999999999812,0.16571238444676709,0.05221536930986975
177,1.8849999999999811,0.17088491640342243,0.054372835209773346
178,1.889999999999981,0.17481600025635685,0.05279152017010966
179,1.894999999999981,0.1810053431699388,0.04928441437118328
180,1.8999999999999808,0.1886569091151204,0.054288626603210086
181,1.9049999999999807,0.1925316118310473,0.05404295580865619
182,1.9099999999999806,0.20632294235527598,0.052780133886844195
183,1.9149999999999805,0.20515671736980942,0.054876128614919376
184,1.9199999999999804,0.21370759835787714,0.05266574213744097
185,1.9249999999999803,0.2245900526406312,0.05587180483011643
186,1.9299999999999802,0.2388033657852074,0.05773189224179103
187,1.93499999999998,0.25037980615161337,0.05612456481871349
188,1.93999999999998,0.2706937227977633,0.05987739301571736
189,1.9449999999999799,0.28703487324451843,0.059116372388496825
190,1.9499999999999797,0.31034203797431237,0.060505118082557256
191,1.9549999999999796,0.32587636173551826,0.06360335085077454
192,1.9599999999999795,0.3530564982436364,0.06771942711430168
193,1.9649999999999794,0.39276348038373726,0.06975659183156355
194,1.9699999999999793,0.43792237897576575,0.07420131409654074
195,1.9749999999999792,0.49841306530571705,0.08187593073410643
196,1.979999999999979,0.577204420610439,0.08948212080804345
197,1.984999999999979,0.6968820293385846,0.10315593960930416
198,1.989999999999979,0.8194278241279002,0.11472493596723825
199,1.9949999999999788,1.0765656534366166,0.1388029188494172
200,1.9999999999999787,1.4436062168015102,0.16999829252962828
201,2.0049999999999786,1.7327317067143648,0.18101129426401594
202,2.0099999999999785,1.5418945016486314,0.14554213714175643
203,2.0149999999999784,1.2545336066093875,0.11248400736293472
204,2.0199999999999783,0.7080304944467352,0.07457256868679292
205,2.024999999999978,0.46380223384860503,0.053498717360521066
206,2.029999999999978,0.23963451473275146,0.039076421275464346
207,2.034999999999978,0.1450542941463703,0.026543694770172366
208,2.039999999999978,0.0734681821651256,0.025529785950141746
209,2.0449999999999777,0.053787187605286016,0.019256823686254265
210,2.0499999999999776,0.049913556540763224,0.025640156420931155
211,2.0549999999999775,0.04956970582914109,0.020953592130127246
212,2.0599999999999774,0.04637029231625195,0.012265924125147036
213,2.0649999999999773,0.0531458700824399,0.017124932883943404
214,2.069999999999977,0.06087954449434286,0.019547374105480395
215,2.074999999999977,0.06571400625793382,0.02092736440679767
216,2.079999999999977,0.07247585492146683,0.023970799505555324
217,2.084999999999977,0.07380588908310572,0.020512759149036084
218,2.0899999999999768,0.07381614106164783,0.01718375554547967
219,2.0949999999999767,0.0749397920370899,0.02266810409701931
220,2.0999999999999766,0.07425291496732021,0.021075884402840795
221,2.1049999999999764,0.0726580724183987,0.022135850290928294
222,2.1099999999999763,0.07276632917512062,0.026727279959567706
223,2.1149999999999762,0.07003561498679411,0.026704782816551805
224,2.119999999999976,0.06253553028177751,0.02244067530767223
225,2.124999999999976,0.06353535707698652,0.029348449493540343
226,2.129999999999976,0.05757078716588773,0.025454328364773293
227,2.134999999999976,0.05501706311956228,0.023518448741764637
228,2.1399999999999757,0.05766029467014275,0.030204093860744796
229,2.1449999999999756,0.05638948398620902,0.02861858365808403
230,2.1499999999999755,0.055467408797900235,0.02670599543014399
231,2.1549999999999754,0.055723849220604395,0.02880495390504247
232,2.1599999999999753,0.053852672599573555,0.02539507607018897
233,2.164999999999975,0.054219958285780835,0.02640042165730098
234,2.169999999999975,0.07012796698994485,0.04987486880733952
235,2.174999999999975,0.052674671827547793,0.02660253118073262
236,2.179999999999975,0.05833648577966688,0.03378143765008978
237,2.1849999999999747,0.05537957466240218,0.03214937388530783
238,2.1899999999999746,0.05139446507469539,0.027872491721607183
239,2.1949999999999745,0.05558080052082886,0.03518012485575149
240,2.1999999999999744,0.05134772680743245,0.03009048963644516
241,2.2049999999999743,0.05407166118431457,0.03330257164872306
242,2.209999999999974,0.04990485932691383,0.03121871767783736
243,2.214999999999974,0.049316681791943894,0.029900305617547262
244,2.219999999999974,0.04856090630209667,0.030131744302396988
245,2.224999999999974,0.048406247426164284,0.03140256757979936
246,2.229999999999974,0.06784326096717197,0.0487474222748653
247,2.2349999999999737,0.05473608273723942,0.03832078323435416
248,2.2399999999999736,0.051992333650924955,0.03838765355213618
249,2.2449999999999735,0.049554228743370926,0.03457250205710844
250,2.2499999999999734,0.12435583406411647,0.06986511938038134
251,2.2549999999999732,0.05238399738143083,0.03599519350915959
252,2.259999999999973,0.04939436465514193,0.03320035199119432
253,2.264999999999973,0.08555757774624369,0.05959636876883736
254,2.269999999999973,0.0513846568430708,0.03658595439831811
255,2.274999999999973,0.05011907072144264,0.03372222016643935
256,2.2799999999999727,0.05412990851456493,0.039027595880219805
257,2.2849999999999726,0.05272640233201636,0.03820239352053614
258,2.2899999999999725,0.04727356086717148,0.03383415855808701
259,2.2949999999999724,0.04763725353019821,0.033286075711586705
260,2.2999999999999723,0.05107418797326067,0.03731598406504413
261,2.304999999999972,0.04920852550640471,0.035130198308768075
262,2.309999999999972,0.05027072836402241,0.03604913249859955
263,2.314999999999972,0.050608792339379566,0.037945906815459514
264,2.319999999999972,0.04956719635974317,0.03620188100939599
265,2.3249999999999718,0.05282245099893279,0.03934282432282712
266,2.3299999999999716,0.04965140331312692,0.037719934414479774
267,2.3349999999999715,0.050163182589753885,0.03606590903686981
268,2.3399999999999714,0.055867389788117436,0.04302227862345262
269,2.3449999999999713,0.17995624653830952,0.18032667908795058
270,2.3499999999999712,0.05554945951334334,0.04745309290288956
271,2.354999999999971,0.05059752578633111,0.041839251801942465
272,2.359999999999971,0.05076401542144022,0.039936772033914554
273,2.364999999999971,0.050311745635273165,0.0398746114237759
274,2.369999999999971,0.07230746162337812,0.06357432297094442
275,2.3749999999999707,0.16348109490341156,0.18575470696140492
276,2.3799999999999706,0.04999896832840867,0.03698208288642601
277,2.3849999999999705,0.05166490384403961,0.03892763181323566
278,2.3899999999999704,0.04992310874868769,0.03953646910197566
279,2.3949999999999703,0.051593553307544705,0.04025337602821088
280,2.39999999999997,0.05179758006326833,0.04206452764857917
281,2.40499999999997,0.049406325197699816,0.03968313903270901
282,2.40999999999997,0.05294028431986708,0.04335922720737415
283,2.41499999999997,0.04808037538046355,0.041485652380681935
284,2.4199999999999697,0.0508523814755053,0.04117676231817174
285,2.4249999999999696,0.05123619533821641,0.04213603200052485
286,2.4299999999999695,0.051460879826818316,0.04136808493811565
287,2.4349999999999694,0.04706277951379877,0.04389839482447948
288,2.4399999999999693,0.04970891308475546,0.04683164470845722
289,2.444999999999969,0.05026227341081258,0.04528703819946301
290,2.449999999999969,0.05163459881401018,0.046130486708558266
291,2.454999999999969,0.05239804515475216,0.04862197230633594
292,2.459999999999969,0.04939394493438874,0.0493474527907376
293,2.4649999999999688,0.05467504492775192,0.04964829691617919
294,2.4699999999999687,0.05262545120163953,0.050595825360144245
295,2.4749999999999686,0.045089774359581926,0.04674817739589738
296,2.4799999999999685,0.05581473997626109,0.05448523581263563
297,2.4849999999999683,0.042379478162650516,0.04034414853275453
298,2.4899999999999682,0.05954046835482728,0.037109358344909894
299,2.494999999999968,0.06199603789169699,0.035221523014643805
300,2.499999999999968,0.0168145551805449,0.05985852599343535
301,2.504999999999968,0.037748136525369895,0.0300714995154536
302,2.509999999999968,0.03416427416797031,0.06009266625800055
303,2.5149999999999677,0.04746722192685872,0.0469461527102275
304,2.5199999999999676,0.043241715249206565,0.05418765214548004
305,2.5249999999999675,0.04199123719787277,0.05373296801030301
306,2.5299999999999674,0.04374984141819067,0.06378977088382931
307,2.5349999999999673,0.04426401977844812,0.054013538358989685
308,2.539999999999967,0.04925169024150028,0.06249002529456706
309,2.544999999999967,0.04151534444722065,0.06411435317361511
310,2.549999999999967,0.03885934862710234,0.06676015745769902
311,2.554999999999967,0.08931607039231898,0.08944690853231343
312,2.5599999999999667,0.041212114782271304,0.06727467679171793
313,2.5649999999999666,0.03506162763461087,0.07306249576403173
314,2.5699999999999665,0.03067747560624753,0.07351073093423263
315,2.5749999999999664,0.03427922591385539,0.07731041902282301
316,2.5799999999999663,0.028358652305880225,0.0797929358785387
317,2.584999999999966,0.03180330711758104,0.08019618418124808
318,2.589999999999966,0.020540241384188945,0.08686638597173349
319,2.594999999999966,0.021247217759363262,0.09379064327693805
320,2.599999999999966,0.020970192249922956,0.1000025758502594
321,2.604999999999966,0.01856767803116752,0.10893585116256305
322,2.6099999999999657,0.028382766888170357,0.11622109758822406
323,2.6149999999999656,0.0281331848634317,0.12521897879306873
324,2.6199999999999655,0.047413688722237404,0.14762057987095403
325,2.6249999999999654,0.04015520522503263,0.1623801190882986
326,2.6299999999999653,0.04740144407236305,0.1790363169998451
327,2.634999999999965,0.053179017522279416,0.22858127183097438
328,2.639999999999965,0.0776083162045593,0.26118766789503167
329,2.644999999999965,0.0882298910493064,0.2936614282657691
330,2.649999999999965,0.1167531271467024,0.3762822743465098
331,2.6549999999999647,0.1519001638649838,0.5036013723000178
332,2.6599999999999646,0.2198123520429773,0.689177266006565
333,2.6649999999999645,0.32520449439366994,0.805912591264322
334,2.6699999999999644,0.4069552053568786,0.7187666623542932
335,2.6749999999999643,0.5139603094065279,0.4656931451347603
336,2.679999999999964,0.6522766891922993,0.23822088358870983
337,2.684999999999964,0.7651651944817007,0.047969474485992245
338,2.689999999999964,0.766275296696749,0.10387301559249382
339,2.694999999999964,0.6655836506806521,0.16886059324249236
340,2.6999999999999638,0.5922395170697685,0.184586427742586
341,2.7049999999999637,0.5080988804295458,0.19082354780762315
342,2.7099999999999635,0.45086817536331675,0.1838134471769904
343,2.7149999999999634,0.3971142754647399,0.17749141956502215
344,2.7199999999999633,0.3630526696415995,0.16653766418592295
345,2.7249999999999632,0.33768023235637207,0.15903416627656541
346,2.729999999999963,0.31351799755446713,0.15321980804626573
347,2.734999999999963,0.2954980919438353,0.15943476208847968
348,2.739999999999963,0.2851070585569108,0.14260430515600625
349,2.744999999999963,0.27767029315635805,0.1396665191494684
350,2.7499999999999627,0.2684742853379246,0.13710428859863313
351,2.7549999999999626,0.2564572109523155,0.13078514628647098
352,2.7599999999999625,0.2556223359511021,0.13036177607246288
353,2.7649999999999624,0.24460798597075176,0.1258292367906037
354,2.7699999999999623,0.24661640133602808,0.1338938295838372
355,2.774999999999962,0.23626160238990312,0.12291618165040086
356,2.779999999999962,0.23360786277122347,0.12206561886923877
357,2.784999999999962,0.22785793561757026,0.1184446042115536
358,2.789999999999962,0.23083073525560985,0.11982995903979808
359,2.7949999999999617,0.22803515180971307,0.11827318662425718
360,2.7999999999999616,0.22777330914073296,0.11929215586830645
